
type=plantation label="Klarissen-Kloster"
11.658248 46.7114092
type=plantation label="Kapuzinerkloster-Chiostro dei Cappuccini"
11.6591537 46.7128389
type=plantation label="Comboni-Missionare"
11.6641588 46.7054554
type=plantation label="Provinzhaus der Barmherzigen Schwestern"
11.1463305 46.6833709
type=plantation label="Franziskaner-Kloster"
11.6587898 46.7117219
type=plantation label="Eucharistiner"
11.1689881 46.6676897
type=plantation label="Servi Jesu et Mariae"
14.9888251 48.1231274
type=plantation label="Kloster Thalbach"
9.7491506 47.4982944
type=plantation label="Dominikanerkloster"
14.4050897 46.9540231
type=plantation label="Franziskanerinnen Amstetten"
14.8687743 48.1224964

type=plantation label="Stift Melk"
15.3320805 48.2292635
15.3319481 48.2293715
15.3319459 48.2294077
15.331822 48.2294043
15.3318251 48.2293326
15.3318293 48.2293319
15.3316104 48.2291133
15.3312377 48.2290595
15.3312667 48.2289585
15.3312207 48.2289515
15.3312267 48.2289315
15.3312727 48.2289375
15.3312923 48.2288843
15.3308156 48.2288237
15.3301969 48.2287897
15.3302551 48.2284505
15.3300008 48.228427
15.3298158 48.2283933
15.3298148 48.2283963
15.3298008 48.2283933
15.3297998 48.2283953
15.3297798 48.2283923
15.3297808 48.2283903
15.3297608 48.2283863
15.3297598 48.2283883
15.3297568 48.2283883
15.3297498 48.2283903
15.3297488 48.2283923
15.3295725 48.22836
15.3295725 48.228358
15.3295695 48.228358
15.3295665 48.228353
15.3295675 48.228351
15.3295465 48.228347
15.3295455 48.228349
15.3295235 48.228344
15.3295245 48.228342
15.3295129 48.2283396
15.3295153 48.2283339
15.3295105 48.228333
15.3295163 48.228318
15.3295216 48.2283185
15.3295221 48.2283138
15.3295073 48.228309
15.3295075 48.2283067
15.3294685 48.2282921
15.329455 48.2282861
15.3294504 48.2282795
15.3294489 48.2282737
15.329452 48.2282663
15.3294475 48.2282635
15.3294475 48.2282616
15.3294341 48.2282522
15.3294169 48.2282386
15.3294038 48.2282274
15.3293978 48.2282224
15.3293929 48.2282244
15.3293831 48.2282244
15.3293771 48.2282226
15.3293708 48.2282184
15.3293665 48.2282181
15.3293623 48.2282102
15.329363 48.2282072
15.3293583 48.2281991
15.3293498 48.2281832
15.3293463 48.2281762
15.3293433 48.2281762
15.3293406 48.2281672
15.3293415 48.2281565
15.3293458 48.2281515
15.3293501 48.2281487
15.3293527 48.2281482
15.3293536 48.2281452
15.3293565 48.2281447
15.3293521 48.2281236
15.329353 48.2280986
15.3293596 48.2280771
15.3293718 48.2280492
15.3293701 48.2280446
15.3293658 48.2280404
15.3293635 48.228036
15.3293646 48.2280301
15.3293682 48.2280264
15.3293652 48.2280247
15.3293717 48.2280165
15.3293769 48.2280166
15.3293811 48.2280114
15.3293838 48.2280111
15.3293987 48.2279963
15.3293996 48.227993
15.3294021 48.2279907
15.3294056 48.2279886
15.329405 48.2279846
15.3294078 48.227982
15.3294116 48.2279802
15.3294173 48.2279803
15.3294231 48.2279773
15.3294292 48.2279765
15.3294363 48.227977
15.3294421 48.2279795
15.3294536 48.2279759
15.3294729 48.2279674
15.3294918 48.2279582
15.3294919 48.2279564
15.329505 48.2279508
15.3295074 48.2279484
15.3295119 48.2279468
15.3295125 48.2279377
15.3295153 48.2279332
15.329522 48.2279288
15.3295239 48.2279263
15.3295366 48.2279234
15.3295408 48.2279248
15.3295475 48.227924
15.3295755 48.2279184
15.3295818 48.2279172
15.3295818 48.2279142
15.329596 48.2279128
15.3295965 48.2279067
15.3295926 48.2279068
15.3295925 48.2278952
15.3295955 48.2278952
15.3295953 48.227887
15.3296095 48.2278872
15.3296096 48.227885
15.3296543 48.2278842
15.3296581 48.2278821
15.3296601 48.2278798
15.3296605 48.2278774
15.329837 48.2278745
15.3298447 48.2278794
15.3298892 48.2278787
15.3298892 48.2278812
15.3299054 48.2278809
15.3299058 48.2278834
15.3301084 48.2278791
15.3310261 48.2279424
15.3310346 48.227939
15.3310505 48.2279402
15.3310501 48.2279432
15.3310833 48.2279455
15.331084 48.2279424
15.3311006 48.2279432
15.3311006 48.2279461
15.3311467 48.2279488
15.331155 48.2279466
15.3311692 48.227947
15.3311696 48.2279505
15.3311948 48.2279519
15.3311951 48.2279483
15.3312124 48.2279494
15.3312124 48.2279536
15.3312376 48.2279547
15.3312386 48.2279523
15.3312555 48.2279532
15.3312548 48.2279567
15.3312787 48.2279585
15.3312797 48.2279552
15.3313022 48.2279569
15.3313016 48.2279598
15.331349 48.227964
15.3313493 48.2279611
15.331366 48.227962
15.3313659 48.2279656
15.3313983 48.2279671
15.331399 48.2279642
15.3314163 48.227965
15.3314222 48.227971
15.3318317 48.2279977
15.3324934 48.228043
15.3325047 48.2280372
15.3325652 48.2280416
15.3326192 48.2280451
15.3326293 48.2280445
15.3326405 48.2280474
15.33268 48.2280485
15.3326853 48.2280535
15.3326943 48.2280573
15.3327109 48.2280586
15.3327148 48.2280569
15.3327284 48.2280575
15.3327284 48.2280604
15.3327383 48.2280608
15.3327377 48.2280639
15.332745 48.2280644
15.3327448 48.2280676
15.3333075 48.2281067
15.3333621 48.228011
15.3335526 48.228077
15.3335982 48.2281023
15.3336347 48.2281357
15.333659 48.2281682
15.3336619 48.2282066
15.3336433 48.2282535
15.3336051 48.2282861
15.333557 48.2283118
15.3334994 48.2283241
15.3334144 48.2283236
15.3334134 48.2283269
15.3334113 48.2283295
15.3334097 48.2283415
15.3334092 48.2283492
15.3334066 48.2283522
15.3334044 48.2283724
15.3334027 48.2283747
15.3334006 48.2283766
15.3333994 48.2283802
15.3334002 48.2283842
15.3334035 48.2283866
15.3334079 48.2283887
15.3334134 48.2283898
15.3334134 48.2283914
15.3334145 48.2283925
15.3334164 48.2283934
15.3334162 48.2284031
15.3334144 48.2284044
15.3334111 48.2284051
15.3334099 48.2284073
15.3334035 48.228407
15.3334003 48.2284083
15.3333997 48.2284131
15.3334024 48.2284147
15.3333974 48.2284319
15.3333954 48.2284519
15.3333935 48.2284532
15.3333925 48.2284557
15.3333924 48.2284584
15.333394 48.2284599
15.333399 48.2284599
15.3333992 48.2284626
15.3334022 48.2284626
15.3334027 48.2284637
15.3334019 48.2284744
15.3334014 48.2284754
15.3333967 48.2284764
15.3333967 48.2284784
15.3333887 48.2284788
15.3333826 48.2284803
15.3333783 48.2284843
15.3333793 48.2284853
15.3333788 48.2284924
15.3333808 48.2284924
15.3333804 48.2284994
15.3333785 48.2285007
15.333375 48.228515
15.3333767 48.2285165
15.3333764 48.2285214
15.3333737 48.2285231
15.333372 48.2285334
15.3333716 48.2285451
15.3334279 48.2285489
15.3334664 48.2285595
15.3335092 48.2285801
15.3335393 48.2286044
15.3335526 48.2286306
15.3335612 48.2286624
15.3335566 48.2286947
15.3335398 48.2287228
15.3335181 48.2287442
15.3334896 48.2287614
15.3334571 48.228776
15.3334239 48.2287844
15.3332099 48.2288024
15.3331974 48.2287374
15.3331184 48.2287309
15.332967 48.2287134
15.3329594 48.2287477
15.3328444 48.2287353
15.332852 48.2287023
15.3328217 48.2286992
15.3326259 48.228679
15.3326226 48.2286821
15.3326059 48.2286814
15.3326007 48.2288066
15.3326288 48.2288122
15.3326544 48.2288292
15.3326633 48.2288491
15.3326574 48.22887
15.3326399 48.2288857
15.3326186 48.2288941
15.3325934 48.2288963
15.3325706 48.2288924
15.3325536 48.2288867
15.3320805 48.2292635
type=plantation
15.3304067 48.2283576
15.3303807 48.2284898
15.3303546 48.2286221
15.3307296 48.2286549
15.3310996 48.2286873
15.3311011 48.2286797
15.3311237 48.2285653
15.3311256 48.2285556
15.3311278 48.2285443
15.3311524 48.22842
15.3309981 48.2284065
15.3309919 48.2284378
15.3309325 48.2284326
15.3309364 48.2284127
15.3307926 48.2284001
15.3307762 48.2283987
15.3306173 48.2283847
15.3306129 48.2284068
15.330554 48.2284016
15.33056 48.228371
15.3304067 48.2283576
type=plantation
15.3300083 48.227985
15.3299104 48.2279864
15.3299104 48.2279894
15.3298971 48.2279893
15.3298964 48.2279914
15.3298797 48.2279916
15.3298797 48.2279906
15.3298558 48.227991
15.3298424 48.2279987
15.3298253 48.2279994
15.3298256 48.2279975
15.3297976 48.2279978
15.3297974 48.2280005
15.3297805 48.2280003
15.3297803 48.2279983
15.3297308 48.2279987
15.329731 48.2280011
15.3297141 48.2280014
15.3297139 48.2279992
15.3296879 48.2279997
15.3296846 48.2280015
15.3296689 48.2280017
15.3296578 48.2279948
15.3296316 48.227995
15.3296318 48.2279976
15.3296149 48.2279976
15.3296147 48.2279958
15.3295969 48.2279962
15.3295966 48.2279937
15.3295771 48.2279974
15.3295753 48.228001
15.3295643 48.2280028
15.3295553 48.2280027
15.329543 48.227999
15.3295078 48.2280155
15.3295083 48.228023
15.3295079 48.2280273
15.3295003 48.2280348
15.3294959 48.2280357
15.3294758 48.2280526
15.3294762 48.2280561
15.3294714 48.2280639
15.3294676 48.2280635
15.3294662 48.2280667
15.3294623 48.2280687
15.3294537 48.2280691
15.3294444 48.2280889
15.3294407 48.2281048
15.32944 48.2281201
15.3294414 48.2281371
15.3294499 48.228139
15.3294556 48.2281448
15.329458 48.2281523
15.3294554 48.2281533
15.3294614 48.2281651
15.3294685 48.2281763
15.3294721 48.228177
15.3294774 48.2281826
15.3294771 48.2281917
15.3294749 48.2281939
15.3294751 48.2281979
15.3294793 48.2282032
15.3294972 48.2282168
15.3295036 48.2282206
15.3295076 48.2282208
15.3295121 48.228219
15.3295161 48.2282189
15.3295221 48.2282197
15.3295333 48.2282247
15.3295331 48.2282272
15.3295502 48.2282341
15.32957 48.2282341
15.329584 48.2282355
15.3295883 48.2282387
15.329608 48.228242
15.3296159 48.2282414
15.3296255 48.2282373
15.3296406 48.2282401
15.329642 48.2282425
15.3296685 48.2282471
15.3296695 48.2282447
15.3296874 48.2282478
15.3296857 48.22825
15.3297325 48.2282582
15.3297334 48.2282557
15.3297498 48.2282582
15.3297484 48.2282615
15.3297777 48.2282665
15.3297789 48.2282636
15.3297937 48.2282666
15.3298036 48.2282775
15.3298283 48.2282812
15.329829 48.2282801
15.3298457 48.2282831
15.3298453 48.2282842
15.3298583 48.2282862
15.3298573 48.2282892
15.3299509 48.2283061
15.3299534 48.2282939
15.3299564 48.2282801
15.330035 48.2282867
15.3300318 48.2283023
15.3300297 48.2283161
15.330326 48.2283413
15.3303324 48.2283087
15.3307626 48.2283425
15.3307689 48.2283152
15.3308267 48.2283101
15.3308675 48.2282945
15.3308864 48.2282697
15.3311775 48.2282934
15.3311859 48.2282471
15.3311945 48.2281994
15.3309009 48.2281751
15.3308695 48.2281437
15.3308188 48.2281204
15.3308244 48.2280977
15.330826 48.2280922
15.3308347 48.2280932
15.3308487 48.2280872
15.3308487 48.2280852
15.3308747 48.2280862
15.3308787 48.228066
15.3308827 48.2280462
15.3300903 48.2279884
15.3300881 48.2280062
15.3300864 48.2280227
15.3300068 48.2280159
15.3300078 48.2280007
15.3300083 48.227985
type=plantation
15.3321554 48.2285097
15.3321561 48.2285064
15.3321721 48.2285078
15.3321717 48.2285095
15.3321734 48.2285096
15.3321732 48.2285108
15.3324608 48.2285363
15.3324624 48.2285279
15.3324669 48.2285283
15.3324712 48.2285073
15.3324677 48.228507
15.3324687 48.228502
15.3324717 48.228503
15.3324717 48.228501
15.3324707 48.2285
15.3324765 48.2284671
15.3324747 48.228467
15.332475 48.2284653
15.3324715 48.2284651
15.3324733 48.2284547
15.3324766 48.2284549
15.3324806 48.2284316
15.3324771 48.2284313
15.332479 48.2284204
15.3324834 48.2284207
15.3324892 48.2283863
15.3324866 48.2283861
15.3324874 48.2283812
15.3324857 48.228381
15.332486 48.2283788
15.3324843 48.2283787
15.3324852 48.2283734
15.3324874 48.2283736
15.3324905 48.2283559
15.3324936 48.2283381
15.332491 48.2283379
15.332492 48.2283322
15.3324942 48.2283324
15.3324945 48.2283307
15.3324978 48.2283309
15.3324987 48.2283259
15.332502 48.2283262
15.3325085 48.2282906
15.3325032 48.2282902
15.3325052 48.2282796
15.3325084 48.2282798
15.3325126 48.2282571
15.3325092 48.2282568
15.3325112 48.2282456
15.3325157 48.228246
15.3325172 48.228245
15.3325244 48.2282082
15.3325227 48.228208
15.3325237 48.228207
15.3325237 48.228203
15.3325277 48.228204
15.3325318 48.2281819
15.3325283 48.2281817
15.3325291 48.2281778
15.3325274 48.2281777
15.3325277 48.228176
15.3325287 48.228177
15.3325295 48.2281721
15.33224 48.2281517
15.3322366 48.2281519
15.3322363 48.2281537
15.3322214 48.2281526
15.3322218 48.2281499
15.3321989 48.2281483
15.3321985 48.2281508
15.3321728 48.228149
15.332173 48.2281473
15.3321517 48.2281458
15.3321513 48.2281484
15.3321468 48.2281486
15.3321447 48.228148
15.3321444 48.2281498
15.3321346 48.2281491
15.3321349 48.2281474
15.3321296 48.2281471
15.33213 48.2281444
15.3320927 48.2281418
15.3320922 48.2281444
15.3320856 48.2281439
15.3320853 48.2281457
15.3320765 48.2281451
15.3320767 48.228144
15.3320747 48.228143
15.3320749 48.2281419
15.3320713 48.2281416
15.3320718 48.228139
15.3320491 48.2281374
15.3320487 48.22814
15.3320224 48.2281382
15.3320229 48.2281349
15.3320011 48.2281333
15.3320007 48.228136
15.3319849 48.2281349
15.3319854 48.2281322
15.3319827 48.228132
15.3319837 48.228131
15.3319432 48.2281284
15.3319431 48.2281293
15.3319409 48.2281292
15.3319404 48.2281326
15.3319246 48.2281316
15.331925 48.2281284
15.3319041 48.2281271
15.3319037 48.2281298
15.3318749 48.228128
15.3318753 48.2281248
15.3318544 48.2281235
15.3318542 48.2281254
15.3318498 48.2281251
15.3318497 48.228126
15.3318477 48.228125
15.3318473 48.2281276
15.3318387 48.228127
15.3318391 48.2281248
15.3318321 48.2281243
15.3318325 48.2281216
15.3317956 48.2281189
15.331795 48.2281222
15.3317907 48.2281219
15.3317904 48.2281236
15.3317792 48.2281228
15.3317794 48.2281217
15.3317776 48.2281216
15.3317779 48.2281194
15.3317743 48.2281192
15.3317747 48.228117
15.3317523 48.2281155
15.3317521 48.2281173
15.3317274 48.2281156
15.3317279 48.2281123
15.3317019 48.2281105
15.3317016 48.2281123
15.3316913 48.2281116
15.3316918 48.2281089
15.3313917 48.2280872
15.3313908 48.2280925
15.3313926 48.2280926
15.3313865 48.2281278
15.3313843 48.2281276
15.3313778 48.2281639
15.3313795 48.2281641
15.3313791 48.2281663
15.3313826 48.2281666
15.331381 48.2281754
15.3313766 48.228175
15.3313721 48.2281992
15.3313774 48.2281997
15.3313754 48.2282106
15.3313721 48.2282103
15.3313681 48.2282322
15.3313716 48.2282325
15.3313708 48.2282374
15.3313733 48.2282376
15.3313731 48.2282393
15.3313748 48.2282394
15.3313736 48.2282467
15.3313714 48.2282465
15.3313705 48.2282517
15.331365 48.2282513
15.3313635 48.228261
15.3313619 48.2282709
15.3313654 48.2282712
15.3313646 48.228276
15.3313664 48.2282762
15.3313655 48.2282818
15.3313633 48.2282817
15.331363 48.2282834
15.3313608 48.2282833
15.3313601 48.2282875
15.3313557 48.2282872
15.3313518 48.2283115
15.3313571 48.2283118
15.3313553 48.2283225
15.3313509 48.2283222
15.331347 48.2283458
15.3313497 48.228346
15.331348 48.2283562
15.3313447 48.228356
15.3313432 48.228357
15.3313364 48.2283926
15.3313381 48.2283928
15.3313372 48.2283976
15.3313316 48.2283971
15.3313266 48.2284235
15.3313326 48.228424
15.3313317 48.228429
15.3313297 48.228428
15.3313287 48.228433
15.3316232 48.2284595
15.3316238 48.2284562
15.3316403 48.2284577
15.3316397 48.2284605
15.331661 48.2284624
15.3316613 48.2284606
15.3316878 48.228463
15.3316873 48.2284652
15.3317099 48.2284672
15.3317103 48.2284647
15.3317137 48.228465
15.3317147 48.228464
15.3317171 48.2284638
15.3317253 48.2284642
15.3317251 48.2284653
15.3317318 48.228466
15.3317312 48.2284688
15.3317692 48.2284725
15.3317698 48.22847
15.3317753 48.2284705
15.3317758 48.2284681
15.3317839 48.2284689
15.3317837 48.22847
15.3317857 48.228471
15.3317855 48.2284721
15.331789 48.2284724
15.3317884 48.2284757
15.3318114 48.2284776
15.331812 48.2284743
15.3318387 48.2284765
15.3318383 48.2284787
15.331859 48.2284804
15.3318593 48.2284787
15.3318757 48.22848
15.3318752 48.2284827
15.3318769 48.2284829
15.3318767 48.228484
15.3319204 48.2284876
15.3319209 48.228485
15.3319345 48.2284861
15.3319341 48.2284883
15.331957 48.2284902
15.3319573 48.2284885
15.3319825 48.2284906
15.3319819 48.2284934
15.3320062 48.2284955
15.3320067 48.2284929
15.3320101 48.2284928
15.3320123 48.2284926
15.3320128 48.2284901
15.3320219 48.2284909
15.3320215 48.2284926
15.3320697 48.228497
15.3320707 48.228496
15.3320785 48.2284967
15.3320781 48.2284989
15.3320798 48.2284991
15.3320796 48.2285001
15.3320848 48.2285006
15.3320844 48.2285022
15.3321069 48.2285042
15.3321073 48.2285025
15.3321322 48.2285047
15.3321317 48.2285075
15.3321554 48.2285097
type=plantation
15.3316496 48.2289358
15.3317166 48.2289578
15.3319076 48.2291498
15.3324236 48.2287498
15.3324396 48.2286668
15.3318606 48.2286088
15.3316496 48.2289358
type=plantation
15.3312056 48.2281128
15.3312126 48.2280698
15.3309156 48.2280478
15.3309115 48.2280689
15.3309076 48.2280888
15.3312056 48.2281128
type=plantation
15.333192 48.2287257
15.333182 48.2286747
15.333204 48.2286727
15.333234 48.2285377
15.333232 48.2285377
15.333242 48.2284867
15.333239 48.2284867
15.33324 48.2284797
15.333244 48.2284797
15.333248 48.2284577
15.333245 48.2284577
15.333246 48.2284527
15.333238 48.2284517
15.333239 48.2284477
15.33323 48.2284467
15.3332327 48.2284369
15.3332364 48.2284372
15.3332387 48.2284189
15.333242 48.2284027
15.333239 48.2284027
15.333241 48.2283937
15.333249 48.2283937
15.33325 48.2283897
15.333257 48.2283897
15.333258 48.2283847
15.33326 48.2283847
15.333264 48.2283627
15.333262 48.2283617
15.333263 48.2283557
15.333265 48.2283557
15.333275 48.2283057
15.333277 48.2283057
15.333291 48.2282107
15.333296 48.2281747
15.33328 48.2281697
15.333314 48.2281157
15.333164 48.2281057
15.333162 48.2281217
15.333152 48.2281207
15.333152 48.2281257
15.33315 48.2281257
15.333143 48.2281657
15.333145 48.2281667
15.333144 48.2281727
15.333142 48.2281727
15.3331405 48.2281767
15.333132 48.2281817
15.333132 48.2281827
15.333124 48.2281817
15.333124 48.2281837
15.333115 48.2281827
15.333115 48.2281807
15.333065 48.2281777
15.333064 48.2281787
15.333058 48.2281787
15.333057 48.2281857
15.333055 48.2281857
15.333051 48.2281867
15.333051 48.2281887
15.333046 48.2281877
15.333046 48.2281897
15.333036 48.2281887
15.333036 48.2281877
15.332984 48.2281837
15.332984 48.2281847
15.332974 48.2281847
15.332974 48.2281827
15.332969 48.2281827
15.332969 48.2281817
15.3329655 48.2281787
15.332966 48.2281727
15.332959 48.2281717
15.332959 48.2281707
15.332909 48.2281667
15.332909 48.2281687
15.332899 48.2281677
15.3329 48.2281667
15.332893 48.2281657
15.332894 48.2281647
15.332887 48.2281597
15.332886 48.2281587
15.332886 48.2281547
15.332884 48.2281547
15.332885 48.2281487
15.332887 48.2281487
15.332894 48.2281077
15.332892 48.2281077
15.332893 48.2281027
15.332884 48.2281017
15.332887 48.2280857
15.332744 48.2280767
15.332743 48.2280777
15.332741 48.2280777
15.332737 48.2281007
15.332739 48.2281007
15.332737 48.2281117
15.332735 48.2281117
15.332731 48.2281347
15.332733 48.2281347
15.332731 48.2281457
15.332724 48.2281457
15.332702 48.2282627
15.332709 48.2282627
15.3327055 48.2282737
15.3327 48.2282977
15.332702 48.2282977
15.332701 48.2283037
15.332717 48.2283047
15.332717 48.2283067
15.332725 48.2283077
15.332722 48.2283227
15.332717 48.2283217
15.332715 48.2283337
15.332736 48.2283357
15.332733 48.2283507
15.332729 48.2283507
15.332728 48.2283587
15.332718 48.2283577
15.3327145 48.2283757
15.332711 48.2283937
15.33272 48.2283947
15.332719 48.2284027
15.332723 48.2284037
15.33272 48.2284187
15.332699 48.2284167
15.332697 48.2284287
15.332702 48.2284287
15.332699 48.2284437
15.33269 48.2284427
15.33269 48.2284447
15.332675 48.2284437
15.332674 48.2284497
15.332672 48.2284497
15.332667 48.2284737
15.332669 48.2284737
15.332667 48.2284847
15.33266 48.2284847
15.332638 48.2286017
15.332645 48.2286017
15.332643 48.2286137
15.332641 48.2286137
15.332637 48.2286367
15.332639 48.2286367
15.332637 48.2286477
15.332635 48.2286477
15.33263 48.2286707
15.332632 48.2286707
15.332632 48.2286717
15.332776 48.2286847
15.332779 48.2286697
15.332789 48.2286707
15.3327905 48.2286667
15.3328 48.2286257
15.332798 48.2286247
15.332799 48.2286187
15.332801 48.2286187
15.332802 48.2286157
15.332804 48.2286157
15.332812 48.2286117
15.332812 48.2286097
15.332818 48.2286107
15.332819 48.2286097
15.332829 48.2286107
15.332828 48.2286117
15.332877 48.2286167
15.332877 48.2286147
15.332885 48.2286157
15.332887 48.2286087
15.332888 48.2286097
15.332891 48.2286077
15.332892 48.2286067
15.332896 48.2286067
15.332897 48.2286057
15.332906 48.2286067
15.332906 48.2286077
15.332912 48.2286077
15.332912 48.2286087
15.332951 48.2286127
15.332951 48.2286117
15.332958 48.2286127
15.332958 48.2286117
15.332968 48.2286127
15.332967 48.2286137
15.332972 48.2286147
15.332971 48.2286157
15.3329745 48.2286177
15.332973 48.2286247
15.332981 48.2286257
15.332981 48.2286267
15.333031 48.2286317
15.333031 48.2286307
15.333041 48.2286317
15.333041 48.2286327
15.333047 48.2286337
15.333047 48.2286347
15.333053 48.2286397
15.333055 48.2286397
15.333054 48.2286437
15.333056 48.2286447
15.333055 48.2286507
15.333053 48.2286507
15.333044 48.2286897
15.333045 48.2286907
15.333044 48.2286957
15.333053 48.2286967
15.33305 48.2287117
15.333192 48.2287257
type=plantation
15.3312832 48.2287068
15.3314702 48.2287258
15.3315672 48.2285748
15.3313122 48.2285508
15.3312832 48.2287068

type=plantation label="Kloster"
17.142191 48.6392129
17.1421852 48.6392171
17.1420418 48.6392131
17.1420435 48.6391963
17.1420603 48.6388901
17.1420068 48.6388888
17.1420075 48.638856
17.1420619 48.6388574
17.1420725 48.6386592
17.1422366 48.6386629
17.1425557 48.6386701
17.1428131 48.6386761
17.1427864 48.6392268
17.1427155 48.6392221
17.1426142 48.639221
17.1426005 48.6392336
17.142536 48.6392315
17.1424356 48.6392305
17.1423702 48.6392283
17.1423611 48.6392153
17.142191 48.6392129
type=plantation
17.1422673 48.638791
17.1422514 48.6391074
17.1427158 48.6391192
17.1427158 48.6390864
17.1427345 48.6390866
17.1427501 48.6388052
17.1427479 48.6388028
17.1425957 48.6387994
17.1422673 48.638791

type=plantation label="Kapuzinerkloster"
13.0471047 47.8020383
13.0470927 47.8020698
13.0465615 47.8019792
13.0465298 47.801938
13.046563 47.8017981
13.0466596 47.8018134
13.0466744 47.8017653
13.0467802 47.80178
13.0468102 47.8016377
13.0468147 47.8016134
13.0469381 47.8016268
13.0469285 47.8016788
13.0472419 47.8017347
13.0472493 47.8017138
13.0473549 47.8017326
13.0473524 47.8017427
13.0472903 47.8019384
13.0473127 47.8019408
13.0473008 47.8019845
13.0471936 47.8019697
13.0472115 47.8019239
13.0468032 47.801857
13.046758 47.8019814
13.0471047 47.8020383
type=plantation
13.0470461 47.801807
13.0469342 47.801791
13.0469136 47.801856
13.0470254 47.8018721
13.0470461 47.801807
type=plantation
13.0470748 47.8018709
13.0471596 47.8018837
13.0471765 47.8018332
13.0470918 47.8018203
13.0470748 47.8018709

type=plantation label="Franziskanerkloster"
13.0432247 47.7977088
13.0435441 47.7976542
13.0437048 47.7976289
13.0437273 47.7976798
13.0441454 47.797619
13.0441838 47.7977066
13.0442178 47.7979541
13.0437916 47.7980068
13.0437997 47.7980381
13.0438095 47.7980726
13.0437173 47.7980788
13.0437124 47.7980489
13.0437072 47.7980183
13.0436647 47.7980232
13.0436525 47.7979883
13.0436418 47.7979541
13.0435508 47.7976988
13.043485 47.7977105
13.0434945 47.7977364
13.0432516 47.7977781
13.0432247 47.7977088
type=plantation
13.0437612 47.7979289
13.0439175 47.797909
13.0440726 47.7978905
13.0440617 47.7978029
13.0440494 47.7977141
13.0438821 47.7977379
13.0437042 47.7977639
13.0437337 47.7978452
13.0437612 47.7979289

type=plantation label="Dominikanerkonvent St.Maria Rotunda"
16.3789573 48.2081457
16.3790976 48.2080909
16.3791243 48.2081224
16.3791688 48.2081054
16.3793304 48.2082722
16.3795211 48.2084182
16.3795643 48.208447
16.3794583 48.2085045
16.3794333 48.2084843
16.3793735 48.2085167
16.3793649 48.20851
16.3793138 48.2085389
16.3793187 48.2085431
16.3790615 48.2086836
16.3790722 48.2086923
16.3789206 48.2087721
16.378866 48.2087888
16.3787672 48.2086778
16.3788657 48.2086428
16.3788275 48.2085735
16.3787379 48.2084247
16.3787254 48.2084038
16.3786794 48.2082706
16.3788175 48.2082208
16.3788523 48.2083067
16.379038 48.2082411
16.3789704 48.2081612
16.3789573 48.2081457
type=plantation
16.3788863 48.2086662
16.3789185 48.2087057
16.3789629 48.2086897
16.3789307 48.2086501
16.3788863 48.2086662
type=plantation
16.378973 48.208447
16.3790883 48.2086016
16.3793206 48.20847
16.3791912 48.2083668
16.378973 48.208447

type=plantation label="Samostan"
14.4647995 46.2712012
14.4647654 46.271117
14.4649167 46.2710877
14.4651658 46.2717041
14.4650168 46.2717329
14.4649397 46.2715421
14.4646033 46.271607
14.4645519 46.2714799
14.4644977 46.2714904
14.4644112 46.2712762
14.4647995 46.2712012
type=plantation
14.4647174 46.2713085
14.4647657 46.2714296
14.4648834 46.2714071
14.464835 46.2712861
14.4647174 46.2713085

type=plantation label="Kapuzinerkloster"
13.8047478 47.9174178
13.8047143 47.9173169
13.8049722 47.9171164
13.8053196 47.9173202
13.805074 47.917517
13.8050076 47.9175702
13.8047478 47.9174178
type=plantation
13.804993 47.9174326
13.8050554 47.9173869
13.8051339 47.9173294
13.8050088 47.9172527
13.8049286 47.9173114
13.8048679 47.9173558
13.8049313 47.9173947
13.804993 47.9174326

type=plantation label="Grein Klostergasse 6"
14.8562855 48.2280542
14.8563191 48.2279684
14.8561461 48.2279371
14.8562332 48.2276843
14.8563311 48.2276432
14.8564076 48.227653
14.8564223 48.2277031
14.8568515 48.2277629
14.8567697 48.2279881
14.856877 48.2280041
14.8568434 48.2280828
14.8563821 48.2279997
14.8563258 48.2281355
14.8562609 48.2281233
14.8562855 48.2280542
type=plantation
14.8566128 48.2279586
14.8566677 48.2278237
14.8564572 48.2277888
14.8564116 48.2279255
14.8566128 48.2279586

type=plantation label="Benediktinerabtei Metten"
12.9177141 48.8548547
12.9177818 48.8549293
12.9177102 48.8549543
12.9176442 48.854882
12.9176196 48.8548916
12.9175335 48.8547963
12.9181671 48.8545485
12.9186464 48.8550788
12.9184852 48.8551419
12.9185653 48.8552307
12.9186001 48.8552336
12.9186319 48.8552433
12.918658 48.8552587
12.9186759 48.8552785
12.9186841 48.855301
12.9186817 48.855324
12.9186691 48.8553455
12.9187486 48.8554334
12.9189195 48.8553666
12.9190431 48.8555034
12.9175913 48.8560714
12.9174895 48.8559656
12.917431 48.855894
12.917383 48.8558409
12.9172685 48.8557142
12.9171256 48.855556
12.9171481 48.8555472
12.9174751 48.8554193
12.9173379 48.8552675
12.9173714 48.8552544
12.9175242 48.8552017
12.917652 48.8553433
12.9179466 48.8552281
12.9179214 48.8552003
12.9180213 48.8551612
12.9183565 48.8550301
12.9180716 48.8547148
12.9177141 48.8548547
type=plantation
12.9173694 48.8556052
12.9176146 48.8558762
12.9177726 48.855816
12.9185708 48.8555116
12.9184899 48.8554213
12.9184519 48.8554156
12.9184186 48.8554023
12.9183937 48.8553825
12.9183797 48.8553586
12.9183782 48.8553329
12.9183894 48.8553083
12.9183158 48.8552228
12.9173694 48.8556052

type=plantation label="Kloster"
14.4047679 46.9532475
14.4047885 46.9532567
14.405064 46.9533806
14.4051139 46.9533272
14.4052178 46.9533699
14.4052249 46.953401
14.4051907 46.9534321
14.4053032 46.9534797
14.4052534 46.9535206
14.4055154 46.9536323
14.4055324 46.9536761
14.4054897 46.9537159
14.4054271 46.9537208
14.4053858 46.953782
14.4052634 46.9537344
14.4051608 46.9537373
14.4048149 46.9541338
14.4041073 46.9538422
14.4045187 46.9533592
14.4045463 46.9533718
14.404617 46.9534039
14.4046796 46.9533402
14.4047679 46.9532475
type=plantation
14.404617 46.9534642
14.4043522 46.9537742
14.4047565 46.9539472
14.4050156 46.9536401
14.404617 46.9534642

type=plantation label="Kapuziner Kloster"
15.9661353 47.2788739
15.9662401 47.2789421
15.9665167 47.2787507
15.9666994 47.2788779
15.9667965 47.2788111
15.9668779 47.2788674
15.9669503 47.2789195
15.96699 47.2789493
15.9667531 47.2791028
15.9667172 47.2790764
15.9665721 47.2791667
15.9664867 47.2791028
15.9664491 47.279129
15.9664368 47.2791199
15.9664339 47.2791219
15.9662722 47.2790181
15.9662423 47.2790395
15.9662688 47.2790564
15.9662067 47.2791007
15.9661498 47.2790627
15.9661815 47.2790389
15.966133 47.2790086
15.9661556 47.2789941
15.9660572 47.2789295
15.9661353 47.2788739
type=plantation
15.9664594 47.2790274
15.9665855 47.2789502
15.9665073 47.2788952
15.9663862 47.2789804
15.9664594 47.2790274

type=plantation label="Kloster Maria Lanzendorf"
16.4241841 48.1008725
16.4242679 48.1009086
16.4245235 48.1010031
16.4245561 48.1009577
16.4247517 48.100983
16.4243689 48.1013604
16.4238984 48.1011423
16.4239828 48.1010626
16.424025 48.1010262
16.4241841 48.1008725
type=plantation
16.424098 48.1011283
16.4243005 48.1012153
16.4243742 48.1011461
16.4243366 48.1011336
16.4243711 48.1011042
16.4244056 48.1011189
16.4244496 48.1010696
16.424244 48.1009868
16.424098 48.1011283

type=plantation label="Kloster"
15.9909703 47.610865
15.9909058 47.6104429
15.9914319 47.610397
15.9914806 47.6103497
15.991819 47.6103243
15.991843 47.61047
15.9915655 47.6104907
15.9916192 47.6108164
15.9909703 47.610865
type=plantation
15.9911845 47.6107466
15.9913926 47.6107267
15.9913542 47.6105438
15.9911461 47.6105637
15.9911845 47.6107466

type=plantation label="Abtei Schweiklberg"
13.1759486 48.6295393
13.1762624 48.6296454
13.1763478 48.6295355
13.1760341 48.629429
13.176135 48.629299
13.1764435 48.6294037
13.1764993 48.6293319
13.1761907 48.6292272
13.176266 48.6291302
13.1768165 48.629317
13.1764017 48.629851
13.1758518 48.629664
13.1759486 48.6295393

type=plantation label="Karmel Mater Dolorosa Maria"
15.6225594 48.2043296
15.6220812 48.2043123
15.6220834 48.2042846
15.622045 48.2042832
15.6220413 48.2043282
15.6219609 48.2043253
15.6219395 48.2043438
15.6218034 48.2043394
15.621829 48.2039295
15.621892 48.2039316
15.6219004 48.2038173
15.6218365 48.2038152
15.621841 48.203752
15.6222947 48.2037693
15.622605 48.2037808
15.6225594 48.2043296

type=plantation label="Loretokloster der Kapuzinerinnen"
13.0455345 47.8048688
13.0456801 47.8046684
13.0457986 47.8045082
13.0462219 47.8046495
13.0462841 47.8046789
13.0462354 47.8047529
13.0461494 47.8047729
13.0458854 47.8046816
13.0457797 47.8048244
13.0459986 47.8048974
13.0459439 47.8049725
13.0460239 47.8049987
13.0460012 47.8050332
13.0457173 47.8049405
13.0455287 47.8048774
13.0455345 47.8048688

type=plantation label="Benediktinen Frauenstift Nonnberg"
13.0512453 47.7956953
13.0512465 47.7957017
13.0513768 47.7957153
13.0513785 47.7957009
13.0514817 47.7957101
13.0516341 47.7957272
13.0517081 47.7957617
13.0516913 47.7957761
13.0518517 47.7958398
13.0518981 47.7959359
13.0518983 47.7960542
13.0518788 47.7961301
13.0519041 47.7961349
13.0519293 47.7961394
13.0520019 47.79603
13.0521204 47.7960673
13.052137 47.7960724
13.0521305 47.7960808
13.052125 47.7960791
13.0520459 47.7961901
13.0520144 47.7962127
13.051956 47.7961971
13.0519517 47.7962058
13.0519204 47.7962199
13.0518631 47.7962096
13.0518142 47.7961998
13.0517883 47.796258
13.0517561 47.7962507
13.0517116 47.7962865
13.0515056 47.7962627
13.0514986 47.7963272
13.0513347 47.7963373
13.0510054 47.7963565
13.0504076 47.7962786
13.050317 47.7962752
13.0499557 47.7961277
13.0497057 47.7960789
13.049732 47.7959811
13.049876 47.7958221
13.0503708 47.7955078
13.0504516 47.7954525
13.0505265 47.7954637
13.0508512 47.7955458
13.0508417 47.7955755
13.0508287 47.7956157
13.0508694 47.7956253
13.050872 47.7956181
13.0509106 47.795626
13.0509086 47.795632
13.0509297 47.7956368
13.050931 47.7956305
13.0509696 47.7956383
13.0509679 47.7956451
13.0510299 47.7956586
13.051034 47.7956523
13.0510698 47.7956604
13.0510658 47.795666
13.0511103 47.7956751
13.0511141 47.7956704
13.0511473 47.7956771
13.0511466 47.7956825
13.0512219 47.7956964
13.0512265 47.7956924
13.0512453 47.7956953

type=plantation label="Kloster"
15.1556719 48.2254176
15.1554577 48.2253791
15.1556781 48.224836
15.1558924 48.2248746
15.1556719 48.2254176

type=plantation label="Kloster Kinderalm Unterer Teil Pilger"
13.1613186 47.3412913
13.1610266 47.341107
13.1608621 47.3409296
13.1609158 47.3407818
13.1611843 47.3405497
13.1618389 47.3405065
13.1626043 47.3404701
13.162851 47.3404615
13.1630405 47.3403795
13.1631759 47.3404686
13.1632414 47.3405293
13.1633327 47.3406339
13.1634806 47.3407567
13.1636858 47.3409754
13.1630507 47.3412253
13.1624532 47.341405
13.1621209 47.3414687
13.1617181 47.3414778
13.1615536 47.3414596
13.1613186 47.3412913

type=plantation label="Kloster Höglwörth"
12.8462883 47.8151443
12.8463322 47.8153963
12.8461504 47.8154011
12.8460818 47.8152336
12.8459592 47.8152481
12.8459962 47.8153474
12.845827 47.8153758
12.8457604 47.8151969
12.84564 47.8151677
12.8455455 47.8151436
12.8455316 47.8151642
12.8455176 47.8151851
12.8455019 47.8151794
12.8457054 47.8152567
12.8456712 47.8152974
12.8456857 47.8152898
12.8458883 47.815476
12.8458283 47.8155273
12.8456368 47.8154165
12.8457269 47.815371
12.8456152 47.8152962
12.8453977 47.8152308
12.8454439 47.815176
12.8454182 47.8151699
12.8454344 47.8151377
12.8454983 47.8150526
12.8455242 47.8150556
12.845541 47.8150142
12.8458466 47.8150925
12.8458282 47.8151196
12.8461668 47.8150841
12.8461834 47.8151532
12.8462883 47.8151443

type=plantation label="Kloster Kostenz"
12.8368949 48.9667366
12.8359633 48.9669771
12.8356443 48.9666055
12.8353568 48.9666622
12.8351678 48.9668187
12.8350302 48.9669739
12.8350565 48.9671116
12.8354108 48.9673904
12.8351258 48.9675491
12.8346513 48.967518
12.834568 48.9674635
12.8338777 48.9671611
12.8340848 48.9669526
12.8338643 48.9668497
12.8338532 48.9666083
12.8333159 48.9660017
12.8336154 48.9658879
12.8338917 48.9658342
12.8341236 48.9658471
12.8348915 48.9656879
12.8351731 48.9658424
12.8353144 48.9659184
12.8357907 48.9657967
12.8356916 48.965581
12.8359524 48.9655227
12.8363488 48.9663275
12.8367546 48.9663756
12.8368949 48.9667366

type=plantation label="Benediktinerabtei Niederaltaich"
13.0276341 48.7666793
13.0277129 48.76667
13.0277146 48.7667014
13.0276424 48.7667099
13.0274683 48.7667305
13.0275147 48.766901
13.0273418 48.7669214
13.0273251 48.7668599
13.027293 48.7667419
13.0271631 48.7662646
13.0270204 48.76574
13.026994 48.7657431
13.02697 48.7656547
13.0271369 48.765635
13.0272372 48.7660037
13.0283288 48.7658747
13.0282601 48.765622
13.0282148 48.7656273
13.0282 48.7655727
13.0278094 48.7656189
13.0277638 48.7654511
13.0278237 48.765444
13.0278576 48.7655685
13.0281882 48.7655295
13.0281803 48.7655003
13.0282257 48.765495
13.0281768 48.7653149
13.0283475 48.7652947
13.0285648 48.7660933
13.0283874 48.7661143
13.0283574 48.766004
13.0272961 48.7661294
13.0273277 48.7662454
13.0274331 48.7666329
13.0276156 48.7666114
13.0276341 48.7666793

type=plantation label="Gablitzer Kloster"
16.1518419 48.2268784
16.1518212 48.2267628
16.1517703 48.2267646
16.1516847 48.2261022
16.1518113 48.2260956
16.1523672 48.2260668
16.1524396 48.226063
16.1526834 48.2260504
16.1526964 48.2261425
16.1519407 48.2261923
16.1519475 48.2262221
16.1519684 48.2264505
16.1519738 48.2264835
16.1519994 48.2266616
16.1520174 48.2267143
16.1523312 48.2266892
16.1523298 48.2267
16.1524172 48.2266915
16.1524264 48.2267521
16.1524264 48.2268041
16.152393 48.2268348
16.1523484 48.2268393
16.1520744 48.2268628
16.1519951 48.2268681
16.1518419 48.2268784

type=plantation label="Kloster Maria Langegg"
15.4520835 48.3220937
15.4520961 48.3221975
15.4514111 48.3222185
15.4513402 48.3217002
15.4523155 48.3216419
15.4523441 48.3218294
15.4522825 48.3218326
15.4522742 48.3217599
15.4522488 48.3217392
15.4522078 48.3217262
15.45216 48.3217275
15.4521187 48.3217439
15.4520954 48.3217692
15.4520981 48.3217956
15.4519754 48.3218019
15.4515358 48.3218263
15.4515702 48.3221084
15.4520097 48.3220975
15.4520835 48.3220937

type=plantation label="Kloster St.Josef"
16.1765232 48.134313
16.1764794 48.1342105
16.1763793 48.1339782
16.1766468 48.1339294
16.1766901 48.1340299
16.1765678 48.1340521
16.1766436 48.1342206
16.1769413 48.1341631
16.1771081 48.1341297
16.1771437 48.1342074
16.1765303 48.1343247
16.1765232 48.134313

type=plantation label="Redemptoristen Kollegium Wien-Hernals"
16.3221809 48.2194295
16.3221894 48.2194284
16.3222166 48.2195171
16.3222425 48.2195123
16.3222943 48.2196631
16.3220823 48.2196938
16.3220213 48.2195137
16.3220025 48.2194566
16.3221809 48.2194295

type=plantation label="Dominikanerkloster"
15.9485789 48.7567782
15.948509 48.7567961
15.9485189 48.7568121
15.9485026 48.7568162
15.9484929 48.7568001
15.9484296 48.7568162
15.9484393 48.7568327
15.9484244 48.7568368
15.9484143 48.7568205
15.9482951 48.7568505
15.948304 48.756867
15.9482763 48.756874
15.9482671 48.7568575
15.9482373 48.7568647
15.9482141 48.7568697
15.9482242 48.7568868
15.9482086 48.7568905
15.9481977 48.7568737
15.948195 48.7568742
15.9480872 48.756697
15.9480493 48.7566324
15.9479333 48.7564272
15.94789 48.7563511
15.9479182 48.7563412
15.9479371 48.7563238
15.9479423 48.7563076
15.9479362 48.7562877
15.9487309 48.7560791
15.9487663 48.7561345
15.9488237 48.7561188
15.9488795 48.7561888
15.9489776 48.7563108
15.9491155 48.7564835
15.9490145 48.7565149
15.9489364 48.7565384
15.9487965 48.7565842
15.9488782 48.7565906
15.9488986 48.7566379
15.9488682 48.7566395
15.9488402 48.7566743
15.9487375 48.756699
15.9487489 48.756717
15.9487301 48.7567219
15.9487179 48.7567039
15.9486611 48.7567194
15.9486718 48.7567369
15.9486534 48.7567419
15.9486513 48.7567386
15.9485844 48.7567545
15.9485885 48.7567636
15.9486292 48.7567745
15.9486171 48.7567907
15.9485789 48.7567782

type=plantation label="Herz-Marien-Karmel"
15.3329425 47.7643686
15.3329036 47.7642382
15.3328771 47.7642418
15.3328704 47.7642196
15.3328977 47.7642159
15.3328593 47.7640873
15.3330295 47.7640643
15.3331136 47.7643454
15.3329425 47.7643686

type=plantation label="St.Salvator"
13.194208 48.5064324
13.1939458 48.5064553
13.1938839 48.5057428
13.1938839 48.5057178
13.1938838 48.5056879
13.1938592 48.5053409
13.1945648 48.5052817
13.1953597 48.5052266
13.1953443 48.5057267
13.1953131 48.5058137
13.195306 48.5058705
13.1953366 48.5060578
13.1953479 48.5062414
13.1953619 48.5063015
13.1953013 48.5063324
13.1951822 48.5063393
13.1951863 48.5063704
13.1948378 48.5063907
13.1947613 48.5063954
13.1944608 48.5064895
13.194208 48.5064324

type=plantation label="Kloster St.Oswald"
13.4252651 48.891754
13.4252825 48.8918317
13.4253073 48.8918287
13.4254068 48.8918565
13.4254716 48.8920933
13.4254932 48.8920901
13.4255124 48.8921643
13.4253228 48.8921864
13.4253276 48.8922101
13.4251499 48.8922338
13.4251403 48.8922164
13.4250155 48.8922306
13.4250203 48.8922638
13.4249122 48.8922748
13.4248786 48.8921738
13.4249723 48.8921643
13.4249435 48.892057
13.4251787 48.8920286
13.4251667 48.8919907
13.4252603 48.8919797
13.4252315 48.891866
13.424869 48.8919055
13.4248426 48.8917918
13.4252651 48.891754

type=plantation label="Schwestern vom Göttlichen Erlöser"
16.509027 47.8437676
16.5089899 47.8437203
16.5088989 47.8436042
16.5087678 47.843437
16.5087864 47.8434289
16.5087481 47.8433813
16.50879 47.843365
16.5086915 47.8432434
16.50879 47.8432105
16.5089932 47.8434709
16.5090874 47.8434375
16.5093444 47.8433462
16.5092722 47.8432506
16.5093656 47.8432203
16.5095519 47.8434626
16.5094625 47.8434902
16.5094401 47.843456
16.5093906 47.8434734
16.5090859 47.8435802
16.5091053 47.8436082
16.5090914 47.8436138
16.5091707 47.8437261
16.509027 47.8437676

type=plantation label="Karmelitenkonvent Wien"
16.3496404 48.247675
16.3496167 48.2475133
16.3498459 48.2474985
16.3498128 48.2472733
16.3495843 48.2472882
16.3495683 48.2471796
16.3500206 48.2471502
16.3500364 48.2472578
16.3499373 48.2472642
16.3499701 48.2474873
16.3503208 48.2474645
16.3503242 48.2474876
16.3503382 48.2474867
16.3503436 48.2475227
16.3503287 48.2475237
16.3503322 48.2475478
16.350276 48.2475515
16.3502875 48.2476298
16.3502459 48.2476322
16.3502448 48.2476254
16.3502378 48.2475776
16.3500972 48.2475868
16.3500942 48.2475665
16.3498397 48.2475831
16.3498431 48.2476059
16.3497483 48.2476121
16.3497565 48.247668
16.3496404 48.247675

type=plantation label="Stift Göttweig"
15.6136746 48.3658761
15.6136856 48.3658598
15.6139058 48.3658714
15.6140436 48.3658787
15.614255 48.3658815
15.6142551 48.3658596
15.6142639 48.3658447
15.6142791 48.3658376
15.6143047 48.3658377
15.6143235 48.3658484
15.6143283 48.3658589
15.6143284 48.3658828
15.614394 48.365883
15.6144484 48.3658969
15.6146375 48.3660302
15.6147182 48.3661043
15.6147539 48.3661817
15.6147898 48.3661819
15.6148099 48.3662007
15.6147998 48.3662243
15.6147014 48.3662772
15.614556 48.3663499
15.6143999 48.3663494
15.6143296 48.3663532
15.6143331 48.3667597
15.6144245 48.3667327
15.6144462 48.3667917
15.614422 48.3668485
15.6143253 48.3668831
15.6142659 48.366853
15.6137174 48.3671809
15.6137137 48.3672201
15.6136791 48.3672437
15.6136174 48.3672432
15.6135861 48.367223
15.6132806 48.3672262
15.6132809 48.3672366
15.6129874 48.3672397
15.6129877 48.3672505
15.6125043 48.3672556
15.6123879 48.3672568
15.6123877 48.3672482
15.6120946 48.3672513
15.6120943 48.3672397
15.6117664 48.3672431
15.6117397 48.3672633
15.6117041 48.3672626
15.6116714 48.3672622
15.6116391 48.3672386
15.6110061 48.3672273
15.6110123 48.3670742
15.6108148 48.3670447
15.6108123 48.3669544
15.6107592 48.3669305
15.6107224 48.3668969
15.6106856 48.3668498
15.6106453 48.3667544
15.6105275 48.3668089
15.6102947 48.3665863
15.6105369 48.3663852
15.6106044 48.3664211
15.6106423 48.3663848
15.6107089 48.3663211
15.6107224 48.3663081
15.6107685 48.3662639
15.610873 48.3661568
15.6108913 48.3661592
15.6109631 48.3659182
15.6109036 48.3659103
15.6109263 48.365834
15.6111237 48.36586
15.6113643 48.3659123
15.6114655 48.3658495
15.6115733 48.3658595
15.6118149 48.3657792
15.6118943 48.3657794
15.6119559 48.3657796
15.6119647 48.3657588
15.6119853 48.3657461
15.6120123 48.3657416
15.6120423 48.3657476
15.6120609 48.3657608
15.6120678 48.3657827
15.6120664 48.3658149
15.6120956 48.3658154
15.6120949 48.365833
15.6121514 48.365834
15.6122166 48.3658608
15.6122094 48.3659111
15.6122836 48.365912
15.6123647 48.365913
15.6123662 48.3658934
15.6126223 48.3656942
15.6126229 48.3656626
15.61266 48.3656629
15.6127951 48.3656639
15.6127955 48.3656407
15.6129672 48.365642
15.6130651 48.3656426
15.6131429 48.3656426
15.6131443 48.3656689
15.6132978 48.3656684
15.613569 48.3658776
15.6136206 48.3658655
15.6136746 48.3658761

type=plantation label="Kloster St.Koloman"
16.1875528 48.3864031
16.1875947 48.3862407
16.1878624 48.3851863
16.187527 48.385152
16.1876899 48.3845308
16.1880167 48.3845698
16.1880548 48.3845747
16.1893538 48.3847116
16.1893854 48.3847385
16.1892773 48.3852673
16.189251 48.3853994
16.189229 48.3855018
16.1891715 48.3857723
16.1890592 48.3862945
16.1890484 48.3863472
16.1890472 48.386388
16.1889834 48.3863872
16.1889436 48.3863851
16.1888981 48.3863843
16.1881693 48.3863991
16.1878899 48.3864016
16.1875528 48.3864031

type=plantation label="Erzabtei Sankt Peter"
13.0441838 47.7977066
13.0441454 47.797619
13.0437273 47.7976798
13.0437048 47.7976289
13.0436978 47.7976071
13.0436727 47.7975555
13.0436162 47.7974101
13.0435283 47.7971896
13.0435132 47.7971412
13.0435116 47.7971361
13.0439128 47.7969834
13.0444482 47.7966734
13.0447412 47.7965348
13.0447646 47.7965599
13.0450096 47.7964544
13.0455231 47.7964566
13.0455247 47.7964505
13.0459642 47.7964592
13.0459628 47.7964925
13.0459831 47.7965276
13.0458721 47.796647
13.0458607 47.7966596
13.0456732 47.7968598
13.0456252 47.7969108
13.0456091 47.7969046
13.0455847 47.7969284
13.0456075 47.7969351
13.0458404 47.7969642
13.0458348 47.796981
13.0458788 47.7969905
13.0457513 47.7974987
13.0457362 47.7975669
13.0455539 47.7976255
13.0453944 47.7975908
13.0451938 47.7976049
13.0448936 47.7976259
13.0448657 47.7976277
13.0444425 47.797659
13.0442353 47.7976969
13.0442089 47.7977021
13.0441838 47.7977066

type=plantation label="Dominikanerkloster"
14.4047679 46.9532475
14.4047885 46.9532567
14.405064 46.9533806
14.4051139 46.9533272
14.4052178 46.9533699
14.4052249 46.953401
14.4051907 46.9534321
14.4053032 46.9534797
14.4052534 46.9535206
14.4055154 46.9536323
14.4055324 46.9536761
14.4054897 46.9537159
14.4054271 46.9537208
14.4053858 46.953782
14.4052634 46.9537344
14.4051608 46.9537373
14.4048149 46.9541338
14.4041073 46.9538422
14.4045187 46.9533592
14.4045463 46.9533718
14.404617 46.9534039
14.4046796 46.9533402
14.4047679 46.9532475

type=plantation label="Benediktinerabtei Ottobeuren"
10.2977697 47.9408554
10.2974274 47.9409208
10.2974349 47.9409384
10.2972161 47.9409802
10.2972066 47.9409579
10.2971552 47.9408372
10.2971906 47.9408304
10.2970873 47.9405878
10.2969899 47.9406065
10.2969524 47.9405186
10.2969866 47.940512
10.296966 47.9404657
10.2969179 47.9404372
10.2968698 47.9404242
10.2968626 47.9404083
10.2968524 47.9403858
10.2968768 47.9403471
10.2969072 47.9403149
10.2968881 47.9402625
10.2968493 47.9402699
10.2968145 47.9401883
10.296905 47.940171
10.2968033 47.9399324
10.2967658 47.9399395
10.2967085 47.9398051
10.2967 47.9397852
10.296726 47.9397802
10.2969263 47.9397419
10.2969401 47.9397741
10.2974047 47.9396853
10.2973976 47.9396685
10.2975797 47.9396337
10.2975872 47.9396513
10.2980553 47.9395618
10.2980385 47.9395222
10.2982679 47.9394784
10.2983301 47.9396243
10.2982876 47.9396324
10.2986709 47.9405321
10.2987158 47.9405235
10.2987771 47.9406673
10.2987858 47.9406879
10.2985701 47.9407291
10.2985582 47.9407011
10.2982483 47.9407604
10.298332 47.9410998
10.2984035 47.9410908
10.2984744 47.9410984
10.2985296 47.9411466
10.2985413 47.9412239
10.2985191 47.941267
10.2984676 47.941298
10.2984041 47.9413139
10.2984354 47.9414592
10.2985396 47.9414524
10.2985564 47.9415465
10.2984188 47.9415619
10.2983833 47.9416184
10.2983273 47.9416641
10.2981751 47.9416775
10.2981132 47.9416529
10.2980481 47.9416022
10.2978858 47.9416215
10.2978624 47.9415241
10.2979293 47.9415162
10.2978806 47.9413681
10.2977793 47.9413551
10.2977152 47.9413218
10.2976902 47.9412586
10.2977097 47.9412043
10.297747 47.9411667
10.2978401 47.9411435
10.2977697 47.9408554
type=plantation
10.2978185 47.9401478
10.2980307 47.9401049
10.2982614 47.9400582
10.2981816 47.939881
10.2980934 47.9396853
10.2978777 47.9397289
10.2976504 47.9397749
10.2977358 47.9399644
10.2978185 47.9401478
type=plantation
10.2978274 47.9406981
10.2976729 47.9403288
10.2975912 47.9403442
10.2975636 47.940282
10.2975321 47.940203
10.2976048 47.9401893
10.2974468 47.9398117
10.2969933 47.9398968
10.2971316 47.9402274
10.2971609 47.940222
10.297213 47.9403502
10.2972526 47.9404411
10.2972357 47.9404442
10.2973773 47.9407826
10.2978274 47.9406981
type=plantation
10.2980248 47.9406593
10.2982549 47.9406133
10.2984843 47.9405675
10.2984058 47.9403873
10.2983247 47.940201
10.2980908 47.9402434
10.2978652 47.9402844
10.2979472 47.940477
10.2980248 47.9406593

type=plantation label="Kloster Klein-Theresien-Karmel"
9.6342687 47.2792038
9.634213 47.2792847
9.6342223 47.2792876
9.6342023 47.2793166
9.6341841 47.2793108
9.6340528 47.2795016
9.6340649 47.2795055
9.6340462 47.2795326
9.6340351 47.2795291
9.6340058 47.2795716
9.6338877 47.2795342
9.6338762 47.2795509
9.6337756 47.279519
9.6337901 47.2794979
9.6336346 47.2794487
9.6337051 47.2793463
9.6336923 47.2793422
9.6338429 47.2791235
9.6338589 47.2791286
9.6338862 47.2790889
9.6338952 47.2790918
9.6339173 47.2790597
9.6340206 47.2790924
9.6340414 47.2790622
9.6340921 47.2790783
9.6340711 47.2791089
9.6340902 47.2791149
9.6340636 47.2791536
9.6341649 47.2791857
9.6341733 47.2791735
9.6342687 47.2792038
type=plantation
9.6340841 47.2792983
9.6338861 47.2792366
9.6337907 47.2793774
9.6339887 47.2794392
9.6340841 47.2792983

type=plantation label="Lechhalde 3"
10.6989761 47.5661373
10.6990425 47.566161
10.6991397 47.5660337
10.6992802 47.5660852
10.6992067 47.5661877
10.6994478 47.5662895
10.6994863 47.5662438
10.6995232 47.566225
10.6995606 47.5662214
10.6996058 47.5662316
10.6996314 47.5662553
10.6996359 47.56629
10.6995819 47.5663532
10.6998251 47.5664553
10.6999745 47.566276
10.700108 47.5663327
10.7000451 47.5664079
10.7000399 47.5664141
10.6999556 47.5665149
10.7001014 47.566574
10.7001044 47.5665953
10.7001346 47.5666061
10.7001648 47.5665955
10.700097 47.5667795
10.7000382 47.5668344
10.6999726 47.5668084
10.6999571 47.5668236
10.6999383 47.5668421
10.6999688 47.5668551
10.6998866 47.5669999
10.6998265 47.5670478
10.6997108 47.5671118
10.6996614 47.5671351
10.699436 47.567038
10.6991218 47.5668036
10.6992719 47.5666533
10.6990444 47.5665588
10.6991086 47.5664874
10.6991802 47.5665169
10.6992004 47.5665183
10.6992179 47.5665169
10.6992348 47.566512
10.6992497 47.5665054
10.6993657 47.5665531
10.6994824 47.5664309
10.6992962 47.5663565
10.6991036 47.5662796
10.6991155 47.5662672
10.6989273 47.5661974
10.6989447 47.5661759
10.6989761 47.5661373
type=plantation
10.6993894 47.566746
10.6995137 47.5668
10.6995218 47.5667915
10.6996486 47.5668466
10.6996354 47.5668604
10.6997693 47.5669186
10.6998903 47.566793
10.6998973 47.5667856
10.7000147 47.5666614
10.6999153 47.5666183
10.6998872 47.5666061
10.6998667 47.5666276
10.6997273 47.566567
10.6997477 47.5665456
10.6996313 47.5664951
10.6995932 47.5665338
10.6995572 47.5665728
10.6995826 47.5665838
10.6994874 47.5666836
10.6994602 47.5666717
10.6993894 47.566746
type=plantation
10.6994283 47.5669546
10.6996361 47.5670504
10.6996755 47.567013
10.6992754 47.5668243
10.6992652 47.5668337
10.6994283 47.5669546

type=plantation label="Kloster zum Hl.Kreuz"
10.4896058 48.0476167
10.4895993 48.0476442
10.4895969 48.0476438
10.4895349 48.0476339
10.4894579 48.0476216
10.4894549 48.0476211
10.4894328 48.0476578
10.488808 48.0474896
10.488968 48.0472198
10.4895689 48.0473573
10.4894496 48.0475557
10.489488 48.047566
10.4894706 48.047595
10.4894736 48.0475955
10.4895472 48.0476073
10.4896024 48.0476162
10.4896058 48.0476167
type=plantation
10.4890443 48.0474562
10.4893246 48.0475295
10.4893858 48.0474171
10.4890521 48.0473359
10.4890122 48.0474093
10.4890631 48.0474216
10.4890443 48.0474562

type=plantation label="Kloster St.Ottilia, Grimmenstein"
9.6125535 47.443535
9.6125709 47.443502
9.6124875 47.4434818
9.6124481 47.4435038
9.6122282 47.4433229
9.6123316 47.4432654
9.6123824 47.4433072
9.6124674 47.4432516
9.6128562 47.4433455
9.6128123 47.4434287
9.6127507 47.4435454
9.6126495 47.443521
9.6126182 47.4435802
9.6126986 47.4436363
9.6125251 47.44375
9.6123791 47.443648
9.6125526 47.4435344
9.6125535 47.443535
type=plantation
9.6125645 47.4433689
9.6125368 47.4434215
9.6126229 47.4434423
9.6126507 47.4433897
9.6125645 47.4433689

type=plantation label="Dominikanerinnenkloster Bad Wörishofen"
10.5940269 48.0032991
10.5950483 48.0031205
10.5950717 48.0031898
10.5950932 48.0032498
10.5948934 48.0032834
10.5948683 48.0032876
10.594948 48.0035151
10.595178 48.0034855
10.5952232 48.0036008
10.5942235 48.0037795
10.5941742 48.0036595
10.594073 48.0034118
10.5940142 48.0034196
10.5939837 48.003338
10.5940381 48.0033295
10.5940269 48.0032991
type=plantation
10.5943176 48.003634
10.5947936 48.0035555
10.5946957 48.0033162
10.5942278 48.0033868
10.5943176 48.003634

type=plantation label="Crescentia Kloster"
10.6181785 47.8802307
10.6182834 47.8800435
10.618339 47.8799649
10.6183942 47.8799424
10.6184295 47.8799438
10.6185764 47.8799796
10.6187715 47.8800359
10.6189333 47.8800716
10.6190776 47.8801097
10.6190262 47.8801969
10.6189857 47.8802576
10.618917 47.8802972
10.6188155 47.8802846
10.6187262 47.8802902
10.6184712 47.880316
10.618309 47.8802781
10.6181785 47.8802307
type=plantation
10.6185004 47.8801041
10.6185189 47.8801158
10.6185128 47.8801288
10.618642 47.8801605
10.6186861 47.8800951
10.6185507 47.8800552
10.6185446 47.8800683
10.6185199 47.8800683
10.6185004 47.8801041

type=plantation label="Kloster Kellenried"
9.5700127 47.8436887
9.5698724 47.8437054
9.5698803 47.8437351
9.5696112 47.8437672
9.5696354 47.8438586
9.5699045 47.8438265
9.5699143 47.8438637
9.5697105 47.8438881
9.5697221 47.8439318
9.5696568 47.8439396
9.5696537 47.8439277
9.5695355 47.8439417
9.5695514 47.8440017
9.5694138 47.8440181
9.569407 47.8439922
9.569392 47.843994
9.5693646 47.8438906
9.5693993 47.8438864
9.5693661 47.8437609
9.569351 47.8437627
9.5693235 47.8436586
9.5693385 47.8436568
9.5693064 47.8435353
9.5692605 47.8435408
9.5692418 47.8434702
9.5692877 47.8434648
9.5692629 47.8433711
9.5698705 47.8432986
9.5698993 47.8434074
9.5699494 47.8434014
9.5699729 47.8434905
9.5699606 47.843492
9.5700127 47.8436887
type=plantation
9.5695199 47.8437358
9.5698317 47.8436986
9.5697616 47.8434339
9.5694498 47.843471
9.5695199 47.8437358

type=plantation label="Stiftung Kloster Viktorsberg"
9.6773604 47.303042
9.6772709 47.3027897
9.6775639 47.3027662
9.677644 47.3029869
9.6773799 47.3030293
9.6773821 47.3030383
9.6773604 47.303042
type=plantation
9.677414 47.3029148
9.6775293 47.3028991
9.6775026 47.302809
9.6773872 47.3028247
9.677414 47.3029148

type=plantation label="Franziskanerkloster Bludenz"
9.8229919 47.1544675
9.8230193 47.1544535
9.8230821 47.1544265
9.8230708 47.154415
9.8231361 47.1543853
9.8231614 47.154411
9.8232358 47.1543772
9.8232011 47.1543419
9.8231836 47.1543499
9.8231639 47.1543298
9.8231816 47.1543218
9.823112 47.154251
9.823529 47.1540614
9.8236338 47.1541681
9.8235348 47.1542131
9.8235001 47.1541778
9.8234577 47.1541971
9.823549 47.15429
9.8235675 47.1542815
9.8235889 47.1543033
9.8237304 47.154239
9.8237769 47.1542864
9.823614 47.1543604
9.8236022 47.1543485
9.8234347 47.1544246
9.8234489 47.1544391
9.8232293 47.154539
9.8231504 47.1544587
9.8230349 47.1545112
9.8229919 47.1544675
type=plantation
9.8233207 47.1543414
9.8234169 47.1542992
9.8233674 47.1542469
9.8232712 47.1542891
9.8233207 47.1543414

type=plantation label="Kapuzinerkloster"
9.7471225 47.499419
9.7469854 47.4995714
9.7468577 47.4997964
9.7468212 47.4998619
9.7467871 47.4999197
9.7467745 47.4999392
9.7466826 47.4999173
9.7464946 47.4998614
9.7465066 47.4998442
9.7463327 47.4997977
9.746268 47.4997619
9.7462758 47.4997369
9.7459991 47.499576
9.7458075 47.4994664
9.7455601 47.499326
9.7458305 47.4991827
9.7460008 47.4991192
9.7462106 47.4990383
9.7468739 47.4988527
9.7469624 47.4988439
9.7472748 47.4991443
9.7472789 47.4991987
9.7472641 47.499264
9.7471225 47.499419

type=plantation label="Klösterle"
10.6243751 47.17696
10.6244065 47.1768196
10.6247575 47.1768558
10.6247261 47.1769962
10.6243751 47.17696

type=plantation label="Kloster der Comboni-Missionare"
9.862737 47.6228674
9.8628549 47.6227542
9.8631472 47.6228924
9.8633863 47.6226629
9.8637497 47.6228348
9.8636461 47.6229342
9.8634284 47.6228313
9.863175 47.6230746
9.862737 47.6228674

type=plantation label="Kloster St. Peter"
9.8295604 47.1460463
9.8297287 47.1458716
9.8298681 47.1459307
9.8298234 47.1459841
9.8299173 47.1460239
9.8298879 47.1460535
9.8299432 47.1460775
9.8301436 47.1461619
9.8301573 47.1461676
9.8305711 47.1459364
9.8305841 47.1459457
9.8307184 47.1458672
9.8308018 47.1459366
9.8306663 47.1460185
9.8306819 47.1460293
9.8305152 47.146124
9.8306642 47.1461902
9.8304535 47.1464249
9.8295604 47.1460463

type=plantation label="Kloster Marienberg"
9.7491735 47.4964574
9.7491561 47.4964238
9.7491748 47.4964194
9.7491712 47.4964125
9.7492029 47.496405
9.7492063 47.4964115
9.7493787 47.4963708
9.7493708 47.4963556
9.7494725 47.4963316
9.7494679 47.4963227
9.7496093 47.4962894
9.7496531 47.4963741
9.7495136 47.496407
9.7495175 47.4964146
9.7493413 47.4964561
9.7493236 47.496422
9.7491735 47.4964574

type=plantation label="Kloster Marienberg"
9.7494996 47.4958383
9.7494692 47.495778
9.7496021 47.4957475
9.7496543 47.495851
9.7497046 47.4958394
9.7497382 47.4959062
9.7497267 47.4959088
9.7497601 47.4959752
9.7497502 47.4959775
9.7498079 47.496092
9.749823 47.4960885
9.7498516 47.4961453
9.7499198 47.4962809
9.7497532 47.4963192
9.7497446 47.4963023
9.7497296 47.4963058
9.7496168 47.4960817
9.7496312 47.4960784
9.7496149 47.496046
9.7496019 47.4960489
9.7495698 47.4959852
9.7495891 47.4959807
9.7495156 47.4958347
9.7494996 47.4958383

type=plantation label="Propstei Sankt Gerold"
9.8164967 47.2188721
9.8165531 47.21872
9.8169078 47.2182582
9.8170993 47.2183232
9.817296 47.2182254
9.8180792 47.2184841
9.8178888 47.2188648
9.8176558 47.2190407
9.8175855 47.219104
9.8173965 47.2192035
9.81706 47.2190744
9.8167931 47.2189773
9.8164967 47.2188721

type=plantation label="Kartause Marienau"
9.997487 47.9049653
9.9973242 47.9040183
9.9988191 47.9037134
9.9990489 47.9037787
9.9995004 47.9037295
10.0006418 47.9036862
10.0007658 47.9041124
10.0008528 47.9043314
10.0011887 47.9050647
10.0013075 47.9053133
10.001043 47.9054047
10.0010135 47.9063352
10.0002497 47.9067913
9.9974963 47.9064831
9.9975114 47.9064146
9.9968227 47.9062295
9.9970659 47.9055084
9.9973116 47.9055429
9.9973505 47.9054541
9.9974385 47.9054475
9.9974203 47.9052564
9.9974951 47.9051949
9.997487 47.9049653

type=plantation label="Metta Vihara Waldkloster"
10.1806921 47.6856569
10.1803735 47.6856592
10.1803714 47.6855332
10.18069 47.6855308
10.1806921 47.6856569

type=plantation label="Kloster Maria Hilf"
9.5428988 47.3765504
9.5426077 47.376425
9.5420706 47.3761729
9.5416597 47.3759619
9.5420942 47.3752258
9.5423078 47.3752971
9.5421776 47.3755141
9.5433213 47.3761564
9.5431985 47.3763028
9.5431634 47.3763712
9.5431526 47.3764268
9.5428988 47.3765504

type=plantation label="Dominikanerinnenkloster zum Englischen Gruss"
9.6202097 47.2606085
9.6202857 47.2607119
9.6204736 47.2609673
9.620166 47.2611238
9.6201187 47.2611478
9.6199107 47.2612511
9.6198466 47.2612779
9.6197547 47.2613085
9.6197318 47.2613152
9.6197179 47.261316
9.6197056 47.2613137
9.6196776 47.2613019
9.6196738 47.2613045
9.619639 47.2612855
9.6195208 47.2612225
9.6194497 47.2611859
9.6192805 47.2610916
9.6192517 47.261075
9.6192232 47.2610587
9.6191152 47.2610018
9.6189846 47.2609532
9.6186507 47.2607906
9.6185483 47.2606182
9.6184997 47.2605247
9.6186217 47.2604982
9.6186182 47.2604909
9.6186877 47.2604737
9.6187414 47.2605737
9.6188534 47.2604713
9.6188403 47.2604417
9.6188278 47.2604117
9.6187461 47.2603333
9.6188403 47.260255
9.6188705 47.2602283
9.6189105 47.2601926
9.6189241 47.2601809
9.6193017 47.2600272
9.6193458 47.2600825
9.6196414 47.259992
9.6195218 47.259813
9.6197285 47.2597235
9.6203306 47.2605665
9.6202097 47.2606085

type=plantation label="Franziskanerkloster"
11.7101694 47.3434132
11.7103637 47.3433677
11.7105015 47.3436573
11.7110154 47.3435963
11.7110322 47.3437792
11.7112274 47.3437746
11.7112324 47.3438811
11.7112786 47.3438799
11.7112804 47.3439409
11.7112353 47.343942
11.7112386 47.3440106
11.7112399 47.3440389
11.7113514 47.3440356
11.7113559 47.3441065
11.7114054 47.3441419
11.7114038 47.344179
11.7113589 47.3442091
11.7111608 47.3442121
11.7111569 47.3442625
11.7111095 47.3442637
11.7105908 47.3442771
11.7105721 47.3440259
11.7106057 47.3440271
11.7105961 47.343725
11.7104789 47.3437421
11.7104873 47.343765
11.7104538 47.343771
11.7104343 47.3437862
11.7104043 47.3437925
11.7103831 47.3437877
11.710339 47.3437925
11.7101694 47.3434132
type=plantation
11.7107187 47.3437937
11.7108953 47.3437889
11.7108865 47.3437171
11.7108441 47.3437219
11.7108494 47.3436992
11.7107222 47.3437124
11.7107187 47.3437937
type=plantation
11.710708 47.3440226
11.7107881 47.3440201
11.7107795 47.3438923
11.7106994 47.3438948
11.710708 47.3440226
type=plantation
11.711079 47.3440137
11.7110724 47.3439132
11.7108941 47.343918
11.7109006 47.3440184
11.711079 47.3440137

type=plantation label="Kloster Ettal"
11.094536 47.5697623
11.0944609 47.5700543
11.094793 47.5700906
11.0948239 47.5699528
11.0949936 47.5699708
11.0949592 47.5701135
11.095517 47.5701751
11.0954472 47.5704317
11.0953669 47.5707311
11.0951613 47.5707007
11.0951865 47.5706094
11.095238 47.5704113
11.0952723 47.5702807
11.0949397 47.5702364
11.0949212 47.5703055
11.0947376 47.570286
11.0947551 47.5702106
11.0935195 47.5700773
11.0935088 47.5701339
11.093372 47.5701204
11.0933863 47.5700632
11.0928367 47.570005
11.0928551 47.5698843
11.0929196 47.5698897
11.093013 47.5694086
11.0931011 47.5689552
11.0930537 47.5689516
11.0930629 47.5688726
11.0930927 47.568854
11.0938745 47.5689221
11.0939965 47.5689329
11.0945074 47.5689779
11.0945314 47.568861
11.094586 47.5686234
11.0947906 47.5686445
11.0947525 47.568808
11.0950699 47.5688358
11.0951051 47.568813
11.0951588 47.5687995
11.0952126 47.568798
11.095273 47.5688077
11.09532 47.5688353
11.0953276 47.5688697
11.0956203 47.5689042
11.0956553 47.5687492
11.095857 47.5687732
11.0956471 47.569614
11.0956844 47.5696174
11.095647 47.5697667
11.0950442 47.5696944
11.0950146 47.5697106
11.0949505 47.5697283
11.0948987 47.5697307
11.0948397 47.5697203
11.0948064 47.5697004
11.0947765 47.5697211
11.0947422 47.5697383
11.0946518 47.569763
11.094571 47.569766
11.094536 47.5697623
type=plantation
11.095585 47.569039
11.0947265 47.5689368
11.0946109 47.5693979
11.0947008 47.5694116
11.0947607 47.5694347
11.0948047 47.5694627
11.0948399 47.5694983
11.0948858 47.5694865
11.0949445 47.5694859
11.0949966 47.5694909
11.0950365 47.5695078
11.0950604 47.5695277
11.0950742 47.5695578
11.0954447 47.5696004
11.095585 47.569039
type=plantation
11.0943707 47.569706
11.0943587 47.5696776
11.0943371 47.5696415
11.094327 47.5695494
11.0943646 47.569484
11.0944104 47.5694446
11.0944317 47.5694144
11.0944346 47.5693674
11.0944109 47.5693366
11.0943858 47.5693189
11.0944114 47.5692166
11.0944911 47.5692311
11.0945216 47.5691006
11.0942123 47.5690634
11.0939691 47.5690427
11.0939041 47.5690372
11.0938465 47.5690323
11.0932736 47.5689812
11.0931838 47.5694276
11.0930882 47.5699024
11.0942805 47.570031
11.0943277 47.5698448
11.0942564 47.5698368
11.0942739 47.5697599
11.0943211 47.5697505
11.0943608 47.5697399
11.0943707 47.569706

type=plantation label="Kloster Frauenwörth"
12.4246446 47.8713687
12.4246096 47.8713674
12.4244913 47.8713632
12.424501 47.8712401
12.4250046 47.871258
12.4250697 47.8712828
12.4253587 47.8713928
12.4254209 47.8713327
12.4255305 47.8713749
12.425423 47.8714754
12.4253564 47.8715377
12.4252857 47.8715071
12.4252856 47.8715782
12.4252855 47.871666
12.4253942 47.8716717
12.4253586 47.8720606
12.4253977 47.8720622
12.4256274 47.8720714
12.4257901 47.8720779
12.4258768 47.8720713
12.4259464 47.8720659
12.4259654 47.8721772
12.4258091 47.8721892
12.4256413 47.8721833
12.4252327 47.872169
12.4252309 47.8722026
12.4251394 47.8722004
12.4251335 47.872324
12.425004 47.872322
12.425002 47.8722689
12.4248122 47.8722681
12.4248092 47.8723266
12.4246965 47.8723271
12.4246896 47.872326
12.4246913 47.8722652
12.4245563 47.8722636
12.4244132 47.8722583
12.4244157 47.8721964
12.4245636 47.8722005
12.4246446 47.8713687
type=plantation
12.4250688 47.8716593
12.4251653 47.8716648
12.4251763 47.8714597
12.424995 47.8713812
12.4247945 47.871374
12.424782 47.8715488
12.4247742 47.8716489
12.4248001 47.8716489
12.4249276 47.8716557
12.4249405 47.8715531
12.4250779 47.8715592
12.4250688 47.8716593
type=plantation
12.4247421 47.8720403
12.4249509 47.8720463
12.4251887 47.8720531
12.4251973 47.8719171
12.4252067 47.8717694
12.4249689 47.8717626
12.4247601 47.8717566
12.4247507 47.8719043
12.4247421 47.8720403

type=plantation label="Kapuzinerkloster St.Sebastian"
12.123561 47.8605169
12.1234584 47.8604544
12.1237523 47.8602368
12.1239157 47.8603362
12.1240121 47.8602648
12.1237546 47.8601083
12.1238987 47.8600016
12.1241796 47.8601724
12.1241504 47.860194
12.124368 47.8603263
12.1243895 47.8603104
12.1244888 47.8603708
12.1244837 47.8603745
12.1244393 47.8604074
12.12418 47.8605994
12.1241551 47.8605843
12.1239479 47.8604583
12.1239083 47.8604876
12.1238109 47.8604283
12.1238584 47.8603932
12.1237868 47.8603497
12.123561 47.8605169
type=plantation
12.1240306 47.860381
12.1241728 47.8604655
12.1242508 47.8604064
12.1241085 47.8603219
12.1240306 47.860381

type=plantation label="Kloster Benediktbeuern"
11.3988278 47.7076734
11.3985958 47.7076899
11.3985443 47.707408
11.3985213 47.7072817
11.3986454 47.707266
11.3986337 47.7071992
11.3986232 47.7071394
11.3986168 47.7071026
11.3975343 47.7071987
11.3976211 47.7076702
11.3977034 47.7081174
11.398175 47.7080882
11.3987983 47.7080497
11.3987851 47.7079705
11.3987783 47.7079298
11.3989109 47.7079188
11.3989187 47.7079614
11.398958 47.7081769
11.3981981 47.7082304
11.397517 47.7082784
11.3975134 47.7082419
11.3973478 47.7082558
11.3969713 47.7082858
11.3969318 47.7080401
11.3967567 47.7080552
11.3967411 47.7079698
11.3969332 47.7079539
11.3969126 47.7078409
11.3970243 47.7078317
11.3970773 47.7081236
11.3974922 47.7080889
11.3974291 47.7076867
11.397365 47.7072784
11.3971485 47.7072963
11.3968276 47.7073228
11.3967997 47.7071698
11.3973739 47.7071223
11.3973677 47.7070885
11.3978854 47.7070458
11.3978746 47.7069869
11.3981699 47.7069625
11.3981778 47.7070061
11.3989263 47.7069442
11.3989564 47.7070681
11.3987334 47.7070923
11.3987401 47.7071232
11.398744 47.7071408
11.3987529 47.7071818
11.3987624 47.7072255
11.398766 47.7072451
11.3993629 47.7071585
11.3993765 47.7072723
11.3993794 47.7073095
11.3994209 47.7076304
11.3991803 47.7076439
11.3991548 47.707506
11.399129 47.7073668
11.3989527 47.7073816
11.3987765 47.7073964
11.3988021 47.7075349
11.3988278 47.7076734

type=plantation label="Kloster"
11.6472183 46.7447173
11.6472182 46.744753
11.6468287 46.7448501
11.645618 46.7452118
11.6458729 46.7448719
11.6461167 46.7445652
11.6465023 46.7442665
11.646402 46.7442537
11.6466284 46.7439892
11.646856 46.7438426
11.6473385 46.743222
11.64744 46.7430977
11.6475941 46.7429784
11.6477345 46.742882
11.6479074 46.7427947
11.6482397 46.7426387
11.6482897 46.7425046
11.6485446 46.7423829
11.6485446 46.7423299
11.6485992 46.7422613
11.6486812 46.7422301
11.6488538 46.7422784
11.6489042 46.7422925
11.6489679 46.7422145
11.6491409 46.7422519
11.6493957 46.7423829
11.6491045 46.7428945
11.6493093 46.7428633
11.6496688 46.7429132
11.6499055 46.7429225
11.6503106 46.7429319
11.6497371 46.7438458
11.6496791 46.7439516
11.6494575 46.7441794
11.6493457 46.7442699
11.6491682 46.744323
11.6489861 46.7443822
11.6487858 46.744429
11.6483762 46.7445132
11.6478118 46.7446037
11.6472183 46.7447173

type=plantation label="Kloster Säben-Monastero di Sabiona"
11.5660432 46.6431832
11.5666354 46.6430887
11.5667129 46.643074
11.5667537 46.6430413
11.5669423 46.6430395
11.5670242 46.6432627
11.5672397 46.6433327
11.5675843 46.6435874
11.5675776 46.6437074
11.5677315 46.6437871
11.5677759 46.6438102
11.5678678 46.6438577
11.5679769 46.6441195
11.5685118 46.6447956
11.5685661 46.6449099
11.5680743 46.6450052
11.567808 46.6449588
11.5673364 46.6449399
11.5671755 46.6447366
11.5669825 46.6446667
11.5667161 46.644652
11.566554 46.6446516
11.5664367 46.6446044
11.5664038 46.6445911
11.5662041 46.6440166
11.5657919 46.6434841
11.5657053 46.6433503
11.5652743 46.6431926
11.5654603 46.6429656
11.5658084 46.6430955
11.5660432 46.6431832

type=plantation label="Kapuzinerkloster Innsbruck"
11.4002607 47.2698628
11.400266 47.269978
11.4000442 47.2699809
11.4000432 47.2698635
11.4002607 47.2698628

type=plantation label="Kapuzinerkloster Innsbruck"
11.4005622 47.2699738
11.4007391 47.2699715
11.4007365 47.2698785
11.4005431 47.2698811
11.4005408 47.2697988
11.40064 47.2697978
11.4008736 47.2697944
11.4008805 47.270037
11.400731 47.2700389
11.4005641 47.2700411
11.4005622 47.2699738

type=plantation label="Kapuzinerkloster Innsbruck"
11.4005465 47.2699739
11.4004015 47.2699762
11.4004034 47.2697332
11.400501 47.2697314
11.4006405 47.2697133
11.40064 47.2697978
11.4005408 47.2697988
11.4005431 47.2698811
11.4005465 47.2699739

type=plantation label="Franziskanerkloster St.Anton"
11.111231 47.4985388
11.1113052 47.498438
11.1115783 47.4985298
11.1115041 47.4986306
11.1112336 47.4985397
11.111231 47.4985388

type=plantation label="Servitenkloster"
11.3947124 47.2638813
11.3947087 47.263937
11.394641 47.263935
11.3946353 47.2639769
11.3944849 47.2639668
11.3944768 47.2640341
11.3944122 47.2640262
11.3943654 47.2640212
11.3943752 47.2639392
11.3943124 47.2639317
11.3942914 47.2641048
11.3943386 47.2641117
11.3943383 47.2641299
11.3943987 47.2641391
11.3943987 47.264109
11.3944667 47.2641173
11.3944628 47.2641492
11.3946834 47.2641701
11.3947142 47.2641709
11.3947071 47.2642234
11.3945387 47.2642045
11.3945373 47.2642161
11.3941053 47.264155
11.3941107 47.2641218
11.3941645 47.2637912
11.3945453 47.2638171
11.3945482 47.2638694
11.3946447 47.2638793
11.3947124 47.2638813

type=plantation label="Kloster Maria Eck"
12.6186893 47.7929685
12.6192661 47.7931526
12.6191979 47.793249
12.6192847 47.7932767
12.6191662 47.7934442
12.6189388 47.7933717
12.61891 47.7934124
12.6188427 47.7933909
12.6189058 47.7933016
12.618963 47.7933199
12.6190414 47.7932091
12.6189899 47.7931927
12.6190123 47.793161
12.6186378 47.7930414
12.6186893 47.7929685

type=plantation label="Servitenkloster Maria Waldrast"
11.4053019 47.1307335
11.4054487 47.1305884
11.4054831 47.1305544
11.4055992 47.1306087
11.4057666 47.1306875
11.4057455 47.1307074
11.4059282 47.130793
11.4058423 47.1308777
11.405493 47.1307134
11.4054176 47.1307877
11.4053019 47.1307335

type=plantation label="Schwesternheim St.Vinzenz"
12.7380347 47.7605823
12.737915 47.7604755
12.7378807 47.7604938
12.7377461 47.7603795
12.738218 47.7601283
12.7383526 47.7602425
12.7380097 47.760425
12.7381154 47.7605194
12.73808 47.7605468
12.7380347 47.7605823

type=plantation label="Schwesternheim Bad Adelholzen"
12.6169564 47.8141417
12.6170905 47.8140574
12.617151 47.8140193
12.6172841 47.8141146
12.6170885 47.8142377
12.6171126 47.8142531
12.6169206 47.8143719
12.6168981 47.8143575
12.6167059 47.8144783
12.6165729 47.8143829
12.6167667 47.8142611
12.6167181 47.8142277
12.6168988 47.8141057
12.6169564 47.8141417

type=plantation label="Kloster Reutberg"
11.6359258 47.8128329
11.636098 47.8128415
11.636633 47.8128658
11.6367429 47.8128715
11.6367482 47.8128593
11.6367745 47.8127802
11.6370948 47.8128365
11.6371484 47.8129772
11.6371471 47.8130133
11.637143 47.8131259
11.6371867 47.8131296
11.637284 47.8131062
11.6373651 47.8132586
11.637511 47.8132236
11.6376568 47.8134973
11.637511 47.8135324
11.6374679 47.8135617
11.63741 47.813961
11.6373222 47.8139552
11.6373121 47.814036
11.6372522 47.8143546
11.6372015 47.8144845
11.6371186 47.8146144
11.6368607 47.8146051
11.6364738 47.8139989
11.6363725 47.8139185
11.635987 47.8136984
11.6359421 47.8136487
11.6358843 47.8135744
11.6358641 47.813478
11.6358889 47.8133061
11.6357646 47.8130834
11.6357922 47.8129813
11.6359258 47.8128329

type=plantation label="Kloster Maria Steinach"
11.1201373 46.6817411
11.1200871 46.6817161
11.1200233 46.6815613
11.1200463 46.6814565
11.1200875 46.6814029
11.1200969 46.6812931
11.1200841 46.6811847
11.1200971 46.681125
11.1203799 46.6811501
11.1205386 46.6811648
11.1209987 46.6812154
11.1209507 46.6813125
11.1214033 46.681351
11.1215643 46.6813657
11.1216957 46.6818037
11.1207006 46.6818386
11.1201373 46.6817411

type=plantation label="OSM Serviten"
11.4048874 47.1307789
11.4048618 47.1307431
11.4047369 47.1307108
11.4048635 47.1305506
11.4047622 47.1304627
11.4047572 47.1303198
11.4049229 47.1301279
11.4052537 47.1298819
11.4052989 47.1298416
11.4057437 47.1300098
11.4061473 47.1301724
11.406177 47.1301653
11.4062526 47.1301892
11.4062866 47.130237
11.4062803 47.1302775
11.4063047 47.1303442
11.4062941 47.1303652
11.4062547 47.1303847
11.4062313 47.1305063
11.4061312 47.1306098
11.4060972 47.1306953
11.4059417 47.1308575
11.4056096 47.1309647
11.4053946 47.1311146
11.4053236 47.131135
11.4052512 47.1311198
11.4050544 47.1310174
11.4048501 47.1309763
11.4047862 47.1309471
11.4047044 47.1308287
11.4047751 47.1307832
11.4048874 47.1307789

type=plantation label="Klösterle St.Martin-Tertialschwestern"
11.5529857 47.3204541
11.552999 47.3204012
11.5530886 47.3204141
11.5531114 47.3203637
11.55314 47.3203676
11.5531686 47.3202966
11.5532886 47.3203198
11.5532181 47.3204935
11.5529857 47.3204541
