
type=plantation label="Konvent Krista Kráľa"
21.2515407 48.7249376
type=plantation label="Kláštor minoritov"
20.5928571 49.0271053
type=plantation label="Kláštor minoritov a farský úrad"
20.4637019 49.002592
type=plantation label="Kláštor"
17.2595397 49.5959861
type=plantation label="Kláštor minoritov"
17.0520528 48.1597116

type=plantation label="Kláštor kapucínov"
17.1048332 48.1453819
17.1047294 48.1453921
17.104771 48.1455657
17.1044279 48.1456066
17.1043675 48.1453435
17.1043157 48.1453493
17.1042989 48.1452754
17.1043541 48.1452688
17.1043337 48.1451952
17.1046382 48.1451647
17.1046231 48.1450865
17.1047652 48.1450721
17.1048248 48.1453437
17.1048332 48.1453819
type=plantation"
17.104513 48.1455001
17.1047122 48.1454767
17.1046556 48.1452454
17.1044613 48.1452664
17.104513 48.1455001

type=plantation label="Kláštor"
17.142191 48.6392129
17.1421852 48.6392171
17.1420418 48.6392131
17.1420435 48.6391963
17.1420603 48.6388901
17.1420068 48.6388888
17.1420075 48.638856
17.1420619 48.6388574
17.1420725 48.6386592
17.1422366 48.6386629
17.1425557 48.6386701
17.1428131 48.6386761
17.1427864 48.6392268
17.1427155 48.6392221
17.1426142 48.639221
17.1426005 48.6392336
17.142536 48.6392315
17.1424356 48.6392305
17.1423702 48.6392283
17.1423611 48.6392153
17.142191 48.6392129
type=plantation"
17.1422673 48.638791
17.1422514 48.6391074
17.1427158 48.6391192
17.1427158 48.6390864
17.1427345 48.6390866
17.1427501 48.6388052
17.1427479 48.6388028
17.1425957 48.6387994
17.1422673 48.638791

type=plantation label="Kláštor Nepoškvrneného Srdca Panny Márie a sv.Jozefa"
21.2086632 48.7205881
21.208655 48.7205486
21.2086472 48.720511
21.2086718 48.7205088
21.208651 48.7204083
21.2086244 48.720411
21.2085991 48.720413
21.2085435 48.720418
21.2085213 48.72042
21.2084946 48.7204224
21.208463 48.7204253
21.2084601 48.7204116
21.2084542 48.7203828
21.2084452 48.7203394
21.208487 48.7203356
21.2085251 48.7203322
21.2085577 48.7203289
21.2085929 48.7203261
21.2086315 48.7203226
21.2086242 48.7202866
21.208617 48.7202527
21.2086122 48.7202297
21.2086095 48.7202165
21.2086665 48.7202114
21.2086691 48.7202111
21.2087242 48.7202062
21.2087407 48.7202047
21.2090171 48.7201797
21.2090337 48.7201782
21.2090592 48.7201759
21.2090858 48.7201735
21.209101 48.7201721
21.2091579 48.720167
21.2091694 48.7202222
21.2091743 48.7202457
21.2091424 48.7202486
21.2091519 48.7202947
21.2091547 48.7203081
21.2091749 48.7204054
21.2091838 48.7204484
21.2092411 48.7204433
21.2092513 48.7204922
21.20926 48.7205343
21.2091695 48.7205425
21.209139 48.7205452
21.209108 48.720548
21.2088182 48.7205741
21.2087835 48.7205773
21.2087466 48.7205806
21.2086632 48.7205881
type=plantation"
21.2088281 48.7205071
21.2089079 48.7204991
21.2089031 48.7204773
21.2089392 48.7204739
21.2089766 48.7204703
21.2089815 48.720493
21.2090718 48.7204844
21.2090334 48.7203077
21.2087898 48.7203308
21.2088281 48.7205071

type=plantation label="Česká provincie Kongregace sester sv.Cyrila a Metoděje"
17.3976142 49.1039737
17.3981432 49.1048867
17.3980532 49.1049032
17.3981117 49.1050343
17.3981842 49.1051968
17.3981979 49.1052273
17.397801 49.1053061
17.3976715 49.1053318
17.3964208 49.1055802
17.3963991 49.1055383
17.3959733 49.1049413
17.3963638 49.1048277
17.3967188 49.1047121
17.3965685 49.1045202
17.3964599 49.104381
17.3968638 49.1042407
17.3973677 49.1040631
17.3976142 49.1039737

type=plantation label="Františkánsky kláštor"
21.2739638 49.2912402
21.2740434 49.2912369
21.274051 49.2912316
21.2740507 49.2911641
21.2739742 49.2910842
21.2740045 49.2910738
21.2739822 49.2910528
21.2740491 49.2910245
21.2740731 49.2910466
21.2740906 49.2910393
21.2740998 49.2910508
21.2741046 49.2910498
21.2741374 49.2910902
21.2741586 49.2910909
21.2741567 49.2909907
21.2742439 49.2909922
21.2742442 49.2909978
21.2744079 49.2909972
21.2743973 49.2910249
21.2744488 49.2910299
21.2744451 49.2913258
21.2739821 49.291297
21.2739638 49.2912402
type=plantation"
21.2741444 49.2912598
21.2742356 49.2912612
21.2742387 49.2911755
21.2741476 49.291174
21.2741444 49.2912598

type=plantation label="Kláštor milosrdných bratov"
20.7500262 49.0001556
20.7500562 49.0001611
20.7501516 49.0001786
20.7501257 49.0002497
20.7504601 49.0003021
20.7504562 49.000321
20.7504171 49.0004689
20.7504107 49.0004781
20.7502738 49.0004549
20.7502758 49.0004464
20.7502858 49.0004182
20.749971 49.000363
20.7499537 49.0003421
20.7499953 49.0002381
20.7500262 49.0001556
type=plantation"
20.7501038 49.0003136
20.7503217 49.0003521
20.7503265 49.0003404
20.7503302 49.0003313
20.7501123 49.0002929
20.7501038 49.0003136

type=plantation label="Piarista Rendház (Habsburg-ház)"
17.2711177 47.8785859
17.2710999 47.8785633
17.2711417 47.8785477
17.2715005 47.8784105
17.2716814 47.8783602
17.2718533 47.8785992
17.2715916 47.8786877
17.2714615 47.878738
17.271424 47.8786943
17.2713435 47.8786018
17.2713111 47.8785649
17.2711522 47.8786314
17.2711177 47.8785859
type=plantation"
17.2713931 47.8785355
17.2714076 47.8785526
17.2714807 47.878639
17.2715384 47.8786172
17.2716727 47.878566
17.2715852 47.8784624
17.2715732 47.878467
17.2714313 47.878521
17.2713931 47.8785355

type=plantation label="Kláštor Premenenia Pána"
19.1961291 48.6271534
19.1958217 48.6273412
19.1957991 48.627324
19.1957758 48.6273064
19.195698 48.6273525
19.1955908 48.6272815
19.1956605 48.6272425
19.1955747 48.627184
19.1955559 48.6272
19.1954754 48.6271521
19.1959502 48.6268756
19.1960065 48.6269146
19.1959904 48.6269252
19.1960816 48.626989
19.1961057 48.6269766
19.196213 48.6270528
19.1961555 48.6270883
19.196095 48.6271255
19.1961291 48.6271534
type=plantation"
19.1956567 48.6271342
19.1957495 48.6272043
19.1960093 48.627054
19.1959165 48.6269839
19.1956567 48.6271342

type=plantation label="Dom hostí"
19.1961058 48.6274262
19.1962902 48.6272594
19.1964154 48.6271484
19.196482 48.6271826
19.1965361 48.6272104
19.1965039 48.6272388
19.1965468 48.6272583
19.1963189 48.6274764
19.1962706 48.6274533
19.1962384 48.6274852
19.1961058 48.6274262

type=plantation label="Sampor 50"
19.1961291 48.6271534
19.1962088 48.6272058
19.1962902 48.6272594
19.1964154 48.6271484
19.196482 48.6271826
19.1965361 48.6272104
19.1965039 48.6272388
19.1965468 48.6272583
19.1963189 48.6274764
19.1962706 48.6274533
19.1962384 48.6274852
19.1961058 48.6274262
19.1960388 48.6274916
19.1958217 48.6273412
19.1957991 48.627324
19.1957758 48.6273064
19.195698 48.6273525
19.1955908 48.6272815
19.1956605 48.6272425
19.1955747 48.627184
19.1955559 48.6272
19.1954754 48.6271521
19.1959502 48.6268756
19.1960065 48.6269146
19.1959904 48.6269252
19.1960816 48.626989
19.1961057 48.6269766
19.196213 48.6270528
19.1961555 48.6270883
19.196095 48.6271255
19.1961291 48.6271534
type=plantation"
19.1956567 48.6271342
19.1957495 48.6272043
19.1960093 48.627054
19.1959165 48.6269839
19.1956567 48.6271342

type=plantation label="Kláštor Františkánov"
17.1081874 48.1447052
17.1084662 48.1447848
17.1084389 48.1448291
17.1080981 48.1447362
17.1081016 48.1447314
17.1080529 48.1447159
17.1082341 48.1443673
17.1083788 48.144411
17.1086574 48.1444934
17.1087207 48.1443982
17.1085855 48.1443499
17.1086213 48.1443085
17.1087489 48.1443574
17.1087482 48.1443535
17.1089327 48.1444155
17.1086861 48.1447899
17.1086495 48.1448423
17.1084663 48.1447847
17.1085753 48.144609
17.10829 48.1445244
17.1081874 48.1447052

type=plantation label="Konvent sestier dominikánok bl.Imeldy"
21.2517242 48.7248315
21.2517167 48.7248453
21.2517285 48.7248469
21.2517091 48.7249231
21.2516873 48.7250057
21.2514754 48.724983
21.2514926 48.7249
21.2515164 48.7248047
21.2516951 48.7248222
21.2516949 48.724829
21.2517242 48.7248315

type=plantation label="Klášter sester Alžbětinek"
18.770363 49.5805584
18.7703896 49.5805043
18.7703022 49.5804861
18.7702862 49.5805187
18.770213 49.5805036
18.7701998 49.5805305
18.7701767 49.580538
18.7701495 49.5805325
18.7701377 49.5805177
18.7701508 49.5804908
18.7700794 49.5804761
18.770094 49.5804461
18.7700337 49.5804336
18.7700098 49.5804837
18.7700022 49.5804822
18.7699698 49.5805504
18.7699979 49.5805562
18.7699723 49.5806079
18.7699934 49.5806124
18.7699792 49.5806402
18.7699585 49.5806359
18.7699364 49.5806807
18.7699141 49.580676
18.769906 49.5806959
18.7698635 49.580687
18.7698396 49.5807349
18.7698369 49.5807344
18.7698095 49.5807908
18.7697478 49.5807782
18.7697425 49.580789
18.7697102 49.5807824
18.7697438 49.5807143
18.7697306 49.5807116
18.7698562 49.5804511
18.7698478 49.5804493
18.7699145 49.5803134
18.7701556 49.5803617
18.7701584 49.580356
18.7703289 49.5803902
18.7703262 49.5803959
18.7705674 49.5804443
18.7705345 49.5805114
18.7705808 49.5805208
18.7706075 49.5804655
18.7707669 49.5804979
18.7707358 49.5805625
18.7707702 49.5805694
18.7707566 49.5805982
18.7707221 49.5805911
18.7707169 49.5806011
18.7705067 49.5805589
18.7704936 49.5805855
18.770363 49.5805584

type=plantation label="Františkánsky kláštor"
18.1627934 47.9869029
18.1623455 47.9870155
18.1622323 47.9870461
18.1621569 47.9870665
18.1619731 47.9867228
18.1619987 47.9867164
18.1623579 47.9866224
18.1626041 47.9865589
18.1626549 47.9866513
18.1627843 47.9868866
18.1627934 47.9869029

type=plantation label="Klášter Karmelitánů"
17.2333319 49.6033101
17.2332213 49.6032098
17.2332983 49.603174
17.2333059 49.6031808
17.2334928 49.6030938
17.2335864 49.6031786
17.2334723 49.6032317
17.233481 49.6032395
17.2334836 49.6032425
17.2334853 49.6032457
17.2334861 49.6032491
17.2334858 49.6032525
17.2334845 49.6032559
17.2334823 49.603259
17.2334791 49.6032617
17.2334753 49.6032641
17.2334708 49.6032659
17.2334658 49.6032671
17.2334606 49.6032676
17.2334553 49.6032675
17.2334502 49.6032668
17.2334454 49.6032654
17.233441 49.6032634
17.2334373 49.603261
17.2333319 49.6033101

type=plantation label="Kláštor kapucínov"
18.9151178 48.7435574
18.9151606 48.74351
18.9152305 48.7435384
18.9152535 48.7435396
18.91528 48.7435488
18.9152894 48.7435628
18.9154334 48.7436187
18.9153675 48.7436908
18.9153358 48.7436735
18.9153191 48.7436918
18.9151792 48.7436372
18.9151435 48.7436771
18.9151269 48.7436695
18.9150874 48.7437137
18.9152711 48.7437863
18.9152228 48.743839
18.9151904 48.7438272
18.9151458 48.7438768
18.9148829 48.7437732
18.9150027 48.7436394
18.9149894 48.7436354
18.9150416 48.7435771
18.9150545 48.7435824
18.9150651 48.7435706
18.915073 48.7435619
18.9150695 48.743555
18.9151011 48.7435476
18.9151046 48.7435545
18.9151178 48.7435574

type=plantation label="Kláštor pavlínov"
21.6802653 48.8922838
21.6804302 48.8923625
21.680337 48.8924465
21.6801203 48.8923552
21.6800215 48.8923064
21.680102 48.8922354
21.6800942 48.8922296
21.6802216 48.8921183
21.6802329 48.8921208
21.6803237 48.8920412
21.680449 48.8921121
21.6804418 48.8921198
21.6803788 48.8921777
21.6804017 48.8921895
21.6803656 48.8922224
21.6803424 48.8922116
21.6802653 48.8922838

type=plantation label="Csákyho kaštieľ"
17.1672017 48.1449423
17.1672668 48.1449299
17.1672837 48.1449694
17.1672573 48.1449768
17.1672953 48.1450606
17.1672893 48.1450614
17.1672819 48.1450824
17.1672552 48.1450918
17.1672221 48.1450874
17.1672075 48.1450773
17.1671989 48.145079
17.1671925 48.1450651
17.1670971 48.1450823
17.1670713 48.1450231
17.1670801 48.1450213
17.1670487 48.1449548
17.1670625 48.1449524
17.1670482 48.144913
17.1670178 48.1449132
17.1669906 48.1449035
17.1669763 48.144881
17.1669188 48.144893
17.1669143 48.1449005
17.1668959 48.1449038
17.1668836 48.1448963
17.166886 48.1448806
17.1668423 48.14489
17.1668511 48.1449099
17.1667833 48.1449234
17.1667806 48.1449187
17.166723 48.1449317
17.1667278 48.1449445
17.1666606 48.1449592
17.166683 48.145007
17.1666192 48.1450208
17.1666119 48.1450305
17.1665789 48.1450193
17.166588 48.1450097
17.1665679 48.1449643
17.1665375 48.1449701
17.1665276 48.1449514
17.1664594 48.1449672
17.1664553 48.1449601
17.1664281 48.1449615
17.166413 48.144956
17.1664043 48.1449351
17.1664112 48.1449232
17.1664391 48.1449161
17.1664358 48.1449102
17.1664447 48.1449074
17.1664408 48.1448992
17.1664848 48.1448875
17.1664937 48.1448734
17.1664899 48.1448596
17.1665074 48.1448551
17.1665214 48.14483
17.1665536 48.1448232
17.1665876 48.1448333
17.1667369 48.144805
17.1667344 48.1447992
17.166797 48.1447876
17.1667988 48.1447922
17.1669248 48.1447679
17.1669129 48.14474
17.1668851 48.1447461
17.1668528 48.1446738
17.1669979 48.1446464
17.1670054 48.1446649
17.1671171 48.1446397
17.1671393 48.1446886
17.167162 48.1446845
17.1671918 48.1446933
17.1671986 48.1447152
17.1671847 48.14473
17.1671623 48.1447355
17.167176 48.1447652
17.167235 48.1447531
17.1672453 48.1447755
17.1672966 48.144765
17.1673248 48.1448264
17.1672726 48.144837
17.1672885 48.1448717
17.1671795 48.1448939
17.1672017 48.1449423

type=plantation label="Kláštor svätej Alžbety"
18.174478 48.5585923
18.1743748 48.5586277
18.1743484 48.5585939
18.1743347 48.5585986
18.174216 48.5584467
18.1745411 48.5583354
18.1747001 48.5585388
18.1746153 48.5585678
18.174605 48.5585713
18.1745918 48.5585544
18.1745651 48.5585636
18.1744799 48.5584545
18.1743934 48.5584841
18.174478 48.5585923

type=plantation label="Exercičný dom"
17.0645416 48.2483912
17.0643179 48.2484495
17.0642835 48.2483748
17.0643026 48.2483671
17.0640134 48.2478456
17.0642292 48.2477947
17.0643197 48.2479614
17.0642561 48.2479785
17.0643901 48.2482363
17.0644539 48.2482237
17.0645416 48.2483912

type=plantation label="Kláštor milosrdných bratov"
20.7503707 49.0006776
20.7503417 49.0007385
20.7500544 49.0007138
20.7500043 49.0007041
20.7497098 49.0006747
20.7495783 49.0006475
20.7495957 49.0005919
20.7497246 49.0006076
20.7497263 49.0006133
20.7501897 49.0006633
20.7503707 49.0006776

type=plantation label="Kláštor milosrdných bratov"
20.7501897 49.0006633
20.7502053 49.0005907
20.7501029 49.0005849
20.7498736 49.0005611
20.7497099 49.0005362
20.7497315 49.0004784
20.7499868 49.0005133
20.7504124 49.0005349
20.7503707 49.0006776
20.7501897 49.0006633

type=plantation label="Kláštor milosrdných bratov"
20.7504107 49.0004781
20.7503818 49.0005316
20.7499868 49.0005133
20.7499887 49.0004537
20.7502661 49.0004769
20.7502738 49.0004549
20.7504107 49.0004781

type=plantation label="Kláštorisko"
20.4216736 48.9442052
20.4221132 48.9441059
20.422196 48.9444629
20.4221811 48.9448404
20.4221207 48.94524
20.4211347 48.9452465
20.4210788 48.9448863
20.4208983 48.9443953
20.4213453 48.9442862
20.4215209 48.9442433
20.4215557 48.9442998
20.4217053 48.9442649
20.4216736 48.9442052

type=plantation label="Františkánsky kláštor"
21.244393 48.9966027
21.2443336 48.9967077
21.2442765 48.9966937
21.2441121 48.9969846
21.2439846 48.9969536
21.244124 48.9967069
21.2437668 48.9966104
21.2437391 48.996596
21.2437342 48.9965847
21.2438261 48.9964119
21.2439363 48.9964435
21.2439181 48.9964777
21.2439598 48.9964869
21.2439411 48.9965224
21.2438995 48.9965132
21.2438798 48.9965486
21.2440616 48.996597
21.2440946 48.9965418
21.2441424 48.9965544
21.2441833 48.9964837
21.2442228 48.9964339
21.2442481 48.9963989
21.2444313 48.9964535
21.2443388 48.9965887
21.244393 48.9966027

type=plantation label="Kláštor sestier Congregatio Jesu"
21.2448956 48.9983219
21.2448883 48.9983341
21.2448517 48.998325
21.2448426 48.9983113
21.2448222 48.9983162
21.2448019 48.9983494
21.2448173 48.9983555
21.2448239 48.9983636
21.2448215 48.9983759
21.2447967 48.9983875
21.24478 48.9983858
21.2447596 48.9984201
21.244768 48.9984327
21.2447867 48.9984277
21.2448919 48.9984546
21.2448243 48.9985684
21.2447559 48.9985876
21.2446536 48.9984348
21.2445538 48.9984677
21.2445199 48.9984656
21.2444927 48.998449
21.2444838 48.9984285
21.2444901 48.9984107
21.2445168 48.9983924
21.2445555 48.9983879
21.2446158 48.9983707
21.2446658 48.9982878
21.2446153 48.998212
21.2446299 48.9981887
21.2447001 48.9981685
21.2447604 48.9982581
21.2449426 48.9982063
21.2449451 48.9982108
21.2449718 48.9981937
21.2449651 48.9981924
21.2450753 48.9980326
21.2450971 48.9980389
21.2451091 48.9980212
21.2451828 48.9980438
21.2450277 48.9982686
21.2449734 48.998357
21.2449675 48.9983545
21.2449752 48.9983424
21.2448956 48.9983219

type=plantation label="saleziáni"
18.7323219 49.2137916
18.7323715 49.2137942
18.7323721 49.2137895
18.7323822 49.2137912
18.7323827 49.2137948
18.732431 49.2137973
18.7324317 49.2137917
18.7324418 49.2137922
18.7324411 49.2137979
18.7324938 49.2138006
18.7324936 49.2137959
18.7325026 49.2137963
18.732502 49.213801
18.7325507 49.2138036
18.7325514 49.213798
18.7325585 49.2137993
18.7325579 49.213804
18.7326126 49.2138078
18.7326133 49.2138021
18.7326216 49.2138038
18.7326221 49.2138073
18.7326733 49.21381
18.7326739 49.2138053
18.7326812 49.2138057
18.7326806 49.2138113
18.732734 49.2138141
18.7327345 49.2138097
18.7327431 49.2138089
18.7327435 49.2138146
18.7327933 49.2138172
18.732794 49.2138116
18.7328027 49.2138111
18.7328028 49.2138177
18.7332575 49.2138439
18.7332534 49.2138628
18.7332415 49.2139546
18.7325455 49.213916
18.7325467 49.2139052
18.7324264 49.2138992
18.7324252 49.2139097
18.7322425 49.2139002
18.732254 49.2137881
18.7322555 49.2137846
18.7322637 49.213785
18.7322637 49.2137886
18.7323112 49.2137911
18.7323117 49.2137864
18.7323207 49.213788
18.7323219 49.2137916

type=plantation label="Kláštor kapucínov"
18.7383618 49.2227856
18.7386653 49.2229031
18.7389732 49.2230137
18.7389769 49.2230152
18.7388335 49.2231902
18.7384776 49.2230613
18.7386068 49.2229123
18.7384266 49.2228443
18.7382454 49.2230749
18.7381502 49.223043
18.7383564 49.222783
18.7383618 49.2227856

type=plantation label="Dominikánsky konvent"
18.7393122 49.2252811
18.7394527 49.225293
18.7394468 49.2254054
18.7394622 49.2254062
18.7394823 49.2255492
18.7394162 49.2255493
18.7394067 49.2254912
18.7393982 49.2254898
18.7394009 49.2253895
18.7393797 49.2253872
18.7393739 49.2253938
18.739349 49.2253925
18.7393441 49.2254248
18.7393529 49.2254265
18.7393381 49.2254562
18.739285 49.2254543
18.739294 49.2253872
18.7393122 49.2252811

type=plantation label="Kláštor svätého Augustína"
21.2936755 48.7292203
21.2937212 48.7291401
21.2937333 48.7291401
21.2938069 48.7289457
21.2938825 48.7289752
21.2938172 48.7291542
21.2940886 48.7292312
21.2941539 48.729127
21.2942707 48.7291632
21.2941664 48.729344
21.2936755 48.7292203

type=plantation label="Klasztor Sióstr Sercanek"
19.9495435 49.2984923
19.9495815 49.2984342
19.9495589 49.2984279
19.9495858 49.2983868
19.9496093 49.2983934
19.9496287 49.2983637
19.9496047 49.298357
19.9496536 49.2982823
19.9498402 49.2983343
19.9498466 49.2983245
19.9500165 49.2983719
19.9500044 49.2983903
19.9500274 49.2983967
19.949986 49.29846
19.9499447 49.2984485
19.9499327 49.2984667
19.9498366 49.2984399
19.9497801 49.298526
19.9497455 49.2985164
19.9497277 49.2985436
19.9495435 49.2984923

type=plantation label="Klasztor Sióstr Nazaretanek"
22.0756399 49.3496627
22.0754746 49.3493551
22.0750575 49.3493653
22.0746482 49.3495909
22.0745302 49.3492628
22.0748843 49.3489962
22.0752149 49.3487091
22.0757343 49.3486937
22.0760727 49.348827
22.0760176 49.3492064
22.0761672 49.3494115
22.0760019 49.349637
22.0756399 49.3496627

type=plantation label="Ferences rendi kolostor"
19.9288222 47.7823804
19.9279139 47.7825357
19.9277411 47.7820101
19.9279032 47.7819825
19.9285256 47.7818767
19.9286167 47.7818611
19.9288222 47.7823804

type=plantation label="Dom zakonny Zgromadzenia Sióstr Służebniczek Najświętszej Maryi Panny Niepokalanie Poczętej"
20.953812 49.4097312
20.9537171 49.409448
20.9538751 49.4094255
20.9538976 49.4094929
20.953919 49.4094899
20.9539693 49.4096402
20.9539443 49.4096437
20.9539664 49.4097093
20.953812 49.4097312

type=plantation label="Kláštor Nepoškvrneného Srdca Panny Márie"
18.8724418 48.6862032
18.8725334 48.6861798
18.8725198 48.6861587
18.8725484 48.6861511
18.8725257 48.686115
18.8725091 48.6860984
18.872501 48.6860822
18.8724945 48.686083
18.8724922 48.686075
18.8724991 48.6860741
18.8724991 48.6860662
18.8724684 48.686014
18.8724415 48.6860205
18.8724294 48.6859995
18.8723378 48.6860253
18.8723093 48.6859797
18.8725312 48.6859202
18.8725944 48.6860238
18.8726115 48.6860224
18.8726431 48.6860275
18.8726682 48.6860412
18.8726793 48.6860586
18.8728172 48.6860455
18.8728218 48.6860457
18.872824 48.6860482
18.8728305 48.6860631
18.8728251 48.6861328
18.8728763 48.6861365
18.8728621 48.6862125
18.8727263 48.6862021
18.8727294 48.686182
18.872685 48.6861774
18.872692 48.6861902
18.87247 48.6862487
18.8724418 48.6862032

type=plantation label="Misijný Dom Arnolda Janssena"
17.0947113 48.1244687
17.0947388 48.1245073
17.0949667 48.1244318
17.0949913 48.124464
17.0950268 48.1244529
17.0950567 48.1244775
17.0950682 48.1245076
17.0950326 48.1245199
17.0950713 48.1245712
17.0947041 48.1246943
17.0945708 48.1245157
17.0947113 48.1244687

type=plantation label="Kláštor františkánov"
17.2323216 48.8463857
17.2327378 48.8465023
17.2327855 48.8465156
17.232489 48.8468802
17.2323745 48.8468568
17.2323372 48.8468488
17.2322723 48.8468366
17.232273 48.8467586
17.2321013 48.8467183
17.2321854 48.8465845
17.2319948 48.8465381
17.231914 48.8466746
17.2317297 48.8466335
17.2317382 48.8466217
17.2317433 48.8466165
17.2318895 48.8463967
17.2319581 48.8463279
17.2320231 48.8462711
17.2320124 48.8462626
17.2320681 48.8462345
17.2321159 48.8462637
17.2320037 48.8463489
17.2320652 48.8463835
17.2320042 48.8464247
17.2320537 48.8464369
17.2322103 48.8464766
17.2322491 48.846486
17.2323108 48.8463894
17.2323216 48.8463857

type=plantation label="Klasztor Karmelitanek Bosych"
19.9463002 49.2944769
19.9462987 49.2944938
19.9463106 49.2944941
19.9463064 49.2945384
19.9462964 49.2945382
19.9462949 49.2945523
19.9463296 49.2945533
19.9463277 49.2945794
19.9463213 49.2946293
19.9462202 49.2946248
19.9462183 49.2946421
19.9461787 49.2946415
19.9461805 49.294623
19.9461257 49.2946206
19.9461317 49.2945435
19.946167 49.2945447
19.9461678 49.2945376
19.9461534 49.2945371
19.9461635 49.2943995
19.9462659 49.294403
19.9462678 49.2943782
19.9463288 49.2943803
19.9463269 49.294405
19.9463592 49.2944061
19.9463639 49.2943467
19.9464093 49.2943482
19.9464121 49.2943136
19.9464812 49.294316
19.9464738 49.294407
19.9465174 49.2944086
19.946509 49.2945107
19.9464583 49.2945089
19.9464594 49.2944946
19.9463864 49.2944922
19.9463875 49.2944798
19.9463002 49.2944769

type=plantation label="Dom lokalny Sióstr Felicjanek pw. Matki Bożej Dobrej Rady"
20.6626841 49.4879042
20.6627314 49.4878338
20.6628571 49.4878696
20.6628099 49.48794
20.6626841 49.4879042

type=plantation label="Klasztor OO. Bernardynów"
21.6819513 49.5594484
21.6819294 49.5595107
21.6821548 49.5595441
21.6821281 49.5596204
21.681735 49.5595621
21.6817532 49.5595103
21.6818073 49.5595183
21.6818655 49.5593521
21.6821446 49.5593935
21.6821572 49.5593577
21.682217 49.5593666
21.6821767 49.5594818
21.6819513 49.5594484

type=plantation label="Kláštor piaristov"
17.2119758 48.2551899
17.2119083 48.2551334
17.2120056 48.2550767
17.2118857 48.2549847
17.2117749 48.2548997
17.2116425 48.2549591
17.2114888 48.2550281
17.2113542 48.2550885
17.2114972 48.2552009
17.2116321 48.2553172
17.2116766 48.2552965
17.2117347 48.2553489
17.2116909 48.2553708
17.2117431 48.2554178
17.2119019 48.2553284
17.2119024 48.2553421
17.2119259 48.2553437
17.2119293 48.2553541
17.2119101 48.255364
17.2119205 48.2553738
17.2119408 48.2553683
17.2119597 48.2553832
17.2119484 48.2553959
17.2119623 48.2554048
17.2119818 48.2553926
17.2120026 48.2553962
17.212 48.255413
17.2120185 48.2554142
17.2120413 48.2554417
17.212072 48.255446
17.2120775 48.2554543
17.2120836 48.2554649
17.2120507 48.2554763
17.2120311 48.2554603
17.2120085 48.255469
17.2120248 48.2554847
17.212005 48.2554924
17.211987 48.2554777
17.211956 48.2554914
17.2119716 48.2555071
17.2119536 48.2555138
17.2119372 48.2554991
17.2119121 48.2555088
17.2119275 48.2555245
17.2119128 48.2555315
17.2118896 48.2555175
17.2118661 48.2555272
17.211849 48.255535
17.2117839 48.2555624
17.2117735 48.2555527
17.2116774 48.2554603
17.2116125 48.255403
17.2113024 48.2551574
17.2112913 48.2551635
17.2112511 48.2551325
17.2111624 48.2550633
17.2118116 48.254762
17.2118402 48.2547855
17.2122477 48.2551086
17.2121357 48.2551735
17.212083 48.2551361
17.2119826 48.255196
17.2119758 48.2551899

type=plantation label="Boldogasszony Háza monostor"
19.000951 47.8347811
19.0005136 47.8345537
19.0004897 47.8345743
19.00038 47.8345173
19.0004811 47.8344297
19.0004985 47.8344387
19.0006854 47.8342767
19.0007963 47.8343344
19.0007475 47.8343766
19.0007946 47.8344011
19.0007052 47.8344787
19.000658 47.8344542
19.0006093 47.8344964
19.0007907 47.8345907
19.0008324 47.8345545
19.0010251 47.8346547
19.0011095 47.8345815
19.0009569 47.8345022
19.0010436 47.8344272
19.0011826 47.8344995
19.0012051 47.8345111
19.0013273 47.8344052
19.0012267 47.8343529
19.0012098 47.8343675
19.0011237 47.8343228
19.0012311 47.8342297
19.0013014 47.8342662
19.0013293 47.8342421
19.001445 47.8343023
19.0014172 47.8343264
19.0015232 47.8343816
19.0013345 47.8345452
19.0012636 47.8345084
19.0012397 47.8345291
19.0012662 47.8345429
19.0011831 47.8346149
19.0011579 47.8346018
19.000951 47.8347811

type=plantation label="Kláštor"
22.2917171 48.637838
22.2918545 48.6378746
22.2918706 48.6378481
22.2918992 48.6378557
22.2919174 48.6378258
22.2919853 48.6378439
22.2919671 48.6378738
22.2919949 48.6378812
22.2919788 48.6379076
22.2921167 48.6379444
22.292069 48.6380227
22.2919586 48.6379933
22.2919186 48.6380589
22.2917421 48.638012
22.2917821 48.6379463
22.2916694 48.6379163
22.2917171 48.637838

type=plantation label="Kláštor Redemptoristov svätého Stanislava s kostolom"
20.5369397 49.258697
20.5370405 49.2587527
20.5369911 49.2587932
20.5370361 49.2588164
20.5369234 49.2589123
20.537191 49.2589783
20.5372942 49.2588913
20.5372377 49.2588618
20.5374484 49.2586994
20.537541 49.2587486
20.5377522 49.2585827
20.5375135 49.258451
20.5373001 49.2586174
20.5371504 49.2585347
20.5373941 49.2583433
20.5373445 49.2583092
20.5374558 49.2582322
20.5375933 49.2583429
20.5375691 49.2583608
20.5378749 49.2585433
20.5379165 49.2585153
20.5380338 49.258581
20.5379225 49.2586615
20.5378857 49.2586392
20.5373351 49.2590449
20.5373747 49.2590843
20.5373345 49.2591158
20.5375396 49.2591709
20.5375001 49.2592497
20.5372714 49.2591867
20.5371206 49.2591004
20.5371413 49.2590667
20.536617 49.2589311
20.5366592 49.2588593
20.5367236 49.2588663
20.5369397 49.258697

type=plantation label="Samostan Turnišče red Klarise"
16.3165093 46.6251528
16.3165031 46.6251328
16.3164781 46.6250527
16.3168063 46.6250045
16.3168633 46.6251878
16.3166862 46.6252138
16.3166695 46.6251599
16.3166975 46.6251558
16.3166884 46.6251265
16.3165425 46.6251479
16.3165093 46.6251528
